1.000000000000000000e+00,9.398428253829309575e-01,9.669415179375450142e-01,9.445972402941251733e-01,9.311182511642617232e-01,9.853339158303389134e-01,9.298384301806351671e-01,9.500017547669145079e-01,9.443872123212360137e-01,9.728919695788201816e-01,9.631436373062780554e-01,9.729185725193144618e-01,9.299502264218478809e-01,9.413685827432315412e-01,9.589147775427000475e-01,7.920039516750703168e-01,9.673444482364765840e-01,9.229555048739456202e-01,9.715830788762314096e-01,9.241705230077781330e-01,9.432873976401370264e-01,9.634037775138861726e-01,9.273743183481394370e-01,9.027125259078816466e-01,9.423061744316777455e-01,9.712235041359851273e-01,9.113438263107810355e-01,9.203137993603139888e-01,9.371633714130677140e-01,9.084637610065537938e-01,9.003907698531666837e-01,8.691280627499335942e-01,8.944428458734590137e-01,8.289009854841025149e-01,8.509119490143407516e-01,8.828454208664318070e-01,8.641837540113483929e-01,8.517888856542937814e-01,8.579704384608184409e-01,8.835421157623537525e-01,8.696752295075729222e-01,8.926142116661578418e-01,8.312471458816569347e-01,8.492182658951122898e-01,8.698640578075397256e-01,6.797363389342969686e-01,8.794141276417731801e-01,7.936860729145509552e-01,8.841594124178290270e-01,8.448977391803578207e-01,8.744458153510188403e-01,8.645136696677355737e-01,8.632798055593587927e-01,8.131049369593664755e-01,8.681594952653158836e-01,8.679252137844774007e-01,8.283014477933900999e-01,8.316093930039044624e-01,8.341024965138068570e-01,8.157365686985621478e-01,1.244108295372535200e-01,1.431015509118439277e-01,1.628809892416714922e-01,1.954324884425102382e-01,1.088478122970823470e-01,1.502605867806423579e-01,1.716539594505953892e-01,1.143941024769641601e-01,7.266227396404809080e-02,2.098202880824762140e-01,1.647522982126580215e-01,7.148361699490479726e-02,1.443997521130475394e-02,1.255449706569708446e-01,1.815631450997118868e-01,1.296513862191288891e-01,2.666553153840301588e-02,8.578123188159830770e-02,1.239292561668503406e-01,2.423319388170993294e-01,1.923405525222339207e-01,2.519714163379691563e-01,2.195538855039857740e-01,9.627786166252837174e-02,3.067080388686930538e-03,2.051754219328041362e-01,1.445817998762924210e-02,2.479225683146132342e-01,1.756270955559420185e-02,1.126423973891794855e-01,1.470501705210737475e-01,1.786244081566873143e-01,1.916049100539498062e-01,2.312705344541807206e-01,1.635281059017809069e-01,1.872556983648140938e-01,2.043280656232509540e-01,1.724378396948543779e-01,1.635713231721087069e-01,3.090533733489842505e-01,1.578704229224414390e-01,1.072469890339304427e-01,6.444011857617917838e-02,1.701919122253324479e-01,2.283212656135984175e-01,1.529308632001735169e-01,1.199590195440774359e-01,2.064349394825245598e-01,1.858159514435482329e-01,2.859540654922705927e-01,2.616454316420736559e-01,2.737851591526356820e-01,2.513114877327503049e-01,1.210185943932130248e-01,8.352702093467583022e-02,2.505499962560430727e-01,7.903654611508784122e-02,2.799369526461695790e-01,8.555453713537937432e-02,2.257824539017388998e-01
9.398428253829309575e-01,1.000000000000000000e+00,8.983933435713623572e-01,9.478780310171650569e-01,9.658157748768252393e-01,9.336345293448135019e-01,8.667580295993642103e-01,8.901001228277829469e-01,9.831604481881845992e-01,9.416679872980937560e-01,8.728769569635947967e-01,9.037922866857663884e-01,9.062018618146064908e-01,9.828930067351183686e-01,9.202289853593383917e-01,8.527628404211704538e-01,9.120868937621094963e-01,8.929645370942839167e-01,9.302278347770308597e-01,9.831988224939618437e-01,9.646472164424580997e-01,8.762507681249318559e-01,9.845777295641185978e-01,9.804326072691463834e-01,9.591543632734806923e-01,9.111724350627848912e-01,9.571327766970133544e-01,8.641121450511087820e-01,8.570191379461895576e-01,9.275928033286575669e-01,8.534666496101954714e-01,9.180661919223743750e-01,8.436219379250667894e-01,8.426299529791907439e-01,8.800216718090886348e-01,8.416158354023595134e-01,8.166315295092329007e-01,8.021087996015172639e-01,8.991551180011202460e-01,8.642768667481650624e-01,7.999760613587229008e-01,8.304684090472103097e-01,8.151638786979553686e-01,8.856479793935924105e-01,8.434642697327650041e-01,7.216582657459065242e-01,8.324845007690132581e-01,7.656216277245303514e-01,8.563836142608652890e-01,8.971689628900284541e-01,8.936334125930235350e-01,7.881806309587157111e-01,9.116797142103866269e-01,8.852989858546901347e-01,8.872179561811501802e-01,8.176814255829752964e-01,8.697315421412575853e-01,7.869293112837111304e-01,7.678651093823477547e-01,8.381588269150553883e-01,1.425499357032091741e-01,1.595261926308702838e-01,1.757513645099520738e-01,2.271277744691972966e-01,1.286940554689967597e-01,1.455112248905383321e-01,2.089239215508229552e-01,1.199828916284572944e-01,9.230782432225205503e-02,2.342503658741661166e-01,1.902794881859083409e-01,1.115652326469950412e-01,3.709137713554170462e-02,1.637562398652478712e-01,2.314365477323120646e-01,1.402516611435808691e-01,3.899408008847408263e-02,9.178257738340236949e-02,1.312648882807381234e-01,2.661365409318778852e-01,2.185687899641369780e-01,2.756911693933013496e-01,2.780038638256784878e-01,1.297587135264308689e-01,3.079476234943474486e-02,2.169003377066741067e-01,2.847751127078943997e-02,2.754603983742431872e-01,-8.012231213660242143e-03,1.378390825651536200e-01,1.637285734302241225e-01,1.990232022528705402e-01,1.975925992833386657e-01,2.680737142152873065e-01,2.042790886903636527e-01,1.899236205274039690e-01,2.531575890755133895e-01,1.845117447104212827e-01,1.854675972148204788e-01,3.358724878639240408e-01,1.920768669174250098e-01,1.564139895028247851e-01,1.024436590770108763e-01,2.185084829780163940e-01,2.933914103048905764e-01,1.640744320979189985e-01,1.416573486515243230e-01,2.108560699671420680e-01,2.029977726142154215e-01,3.165742120296274331e-01,2.960327271053592724e-01,3.153856577777330861e-01,3.164218004372131299e-01,1.697124378706472425e-01,1.302937332133309867e-01,2.582551626037336012e-01,9.365340585195799927e-02,2.978436891351672333e-01,5.393641269172771979e-02,2.562389501603482556e-01
9.669415179375450142e-01,8.983933435713623572e-01,1.000000000000000000e+00,9.339990818328662847e-01,8.745762141259900702e-01,9.715293939920852662e-01,8.764495127081847192e-01,8.969052663796089897e-01,9.130753772348384478e-01,9.539445845332301666e-01,9.090641211032527425e-01,9.324897606109004977e-01,9.339655170904562764e-01,9.059406060963756113e-01,9.028745727488285411e-01,7.397472321277307472e-01,9.249597499958397417e-01,8.647346732853238294e-01,9.799798038782607801e-01,8.750826700773921552e-01,8.972437512058033526e-01,9.143196375499728079e-01,8.846099748454107070e-01,8.510817570439193069e-01,9.281176662193478810e-01,9.165093545913187700e-01,8.851395111696001017e-01,8.662388093553432533e-01,8.805481654118219037e-01,8.619220884327897236e-01,8.665816302852971109e-01,8.401329837551168023e-01,9.205053428047670350e-01,8.085005614470168744e-01,7.945458212221638838e-01,8.662516148558321305e-01,8.068286729244685818e-01,7.913798931264176550e-01,8.284696555112057714e-01,8.566695547028314595e-01,8.100909732421257559e-01,8.496681521846731755e-01,8.408297571269321979e-01,8.180209465569149296e-01,8.096733554674292455e-01,6.411142573930104227e-01,8.364819888505329315e-01,7.361203734549277566e-01,8.887514768414155331e-01,8.052100860651618675e-01,8.332732069495599747e-01,8.070958674554772339e-01,8.280266046249411538e-01,7.704622687079285548e-01,8.525585376312218022e-01,8.068281599996792730e-01,8.026081212628494166e-01,7.754501740631799533e-01,7.767997453380233175e-01,7.691665995666253641e-01,1.588079971790934686e-01,1.063794283582274180e-01,1.231631894389134813e-01,1.612881944069539941e-01,7.771711996202494699e-02,8.108347153980063893e-02,1.295855948718357131e-01,1.301932207404772612e-01,6.573993283997427162e-02,1.460575026375254271e-01,1.373288636485644754e-01,5.046182179086739633e-02,6.427386672915512585e-03,8.857838103644279093e-02,1.502030472154146368e-01,1.188046804595045136e-01,6.268957839133728889e-05,1.125042139148557524e-01,8.760968522747482334e-02,1.980621629672804640e-01,1.369980793559258947e-01,2.343989038666652314e-01,2.022758686460416899e-01,6.530149486596470432e-02,-2.044971112496710326e-03,1.660501977271528207e-01,2.162777214372403958e-02,1.998153400159273507e-01,5.152127253302479087e-02,9.017010047188435407e-02,1.873320950152578268e-01,1.339951845326295687e-01,1.548015628159735702e-01,2.118319086385730410e-01,1.296532092371178169e-01,1.166298318396732092e-01,1.652835926583243187e-01,2.046526977113011514e-01,1.618025122986281317e-01,2.396942074048514504e-01,1.168365723917711568e-01,8.537683035957305266e-02,4.721101427032902559e-02,1.286010366718517428e-01,1.987417525959379871e-01,1.475826809185299682e-01,8.099643788364474517e-02,2.403002930013231342e-01,1.440122928270804736e-01,2.454858706591909745e-01,1.985783809496679542e-01,2.560224446026362344e-01,2.413317605650025233e-01,8.267049099293381775e-02,7.693973599148974662e-02,2.090098525624775883e-01,1.004289495947522787e-01,2.302982431282292186e-01,1.302270326562503244e-01,1.961621235601276325e-01
9.445972402941251733e-01,9.478780310171650569e-01,9.339990818328662847e-01,1.000000000000000000e+00,9.305901826695607282e-01,9.433406999609809107e-01,8.570706508808647595e-01,8.946628174657336174e-01,9.476810867988922915e-01,9.734133266897423420e-01,8.809214873156289149e-01,8.950771539173577596e-01,9.710046551375683954e-01,9.449810508508070805e-01,8.987822052535275885e-01,8.670859262149234192e-01,8.973099770290716704e-01,9.227745131956522906e-01,9.640663715531899713e-01,9.329570733447947184e-01,9.275557214621531488e-01,8.802510297054115807e-01,9.337936396083613699e-01,9.252875291159177173e-01,9.332322054413961787e-01,8.997406395818616787e-01,9.365742549136846229e-01,8.594846321293824198e-01,8.817413942477672073e-01,9.470933520747664147e-01,8.744065915608955075e-01,8.937218986494253059e-01,8.813634930360961794e-01,9.048697941348657903e-01,8.726453150674010617e-01,8.673417403824640326e-01,8.178414385559042987e-01,8.207180199572596813e-01,8.917858612871297774e-01,9.034837380478146773e-01,8.186851368668167650e-01,8.384241891688484216e-01,8.944954862843534915e-01,8.792502550139790207e-01,8.394446007489939632e-01,7.733198743696215738e-01,8.395246686630165600e-01,8.307402975601059225e-01,9.000726142632577975e-01,8.810855659630022485e-01,8.770089938590126533e-01,8.140507235445051393e-01,8.868483784272802595e-01,8.629205022655423996e-01,8.687078429003404212e-01,8.237316163083530096e-01,8.566550314228780216e-01,7.938845281905856366e-01,8.134118477587425344e-01,8.690807459738121299e-01,1.443502687577541410e-01,1.639514178237422293e-01,1.880489685465312200e-01,1.916235127028386442e-01,1.010048861851603891e-01,1.250651896932453155e-01,1.610769805684734157e-01,1.398575092042644852e-01,9.644516807536580860e-02,1.834152509199541425e-01,1.923514953373097469e-01,1.295002177736974958e-01,1.066326412454495914e-01,1.100855038664661639e-01,1.895932911409086985e-01,1.422332996833040875e-01,4.696114613357233597e-02,1.061455132080132840e-01,1.480373869351971350e-01,2.344604192314313773e-01,1.913111914489017407e-01,2.616910310071033363e-01,2.312765938048328973e-01,7.942945662544297070e-02,4.108682989180188760e-02,1.762799624742954485e-01,2.841887783202104792e-02,2.424570352220284664e-01,3.010955466616999435e-02,1.296965793275536849e-01,1.682388963965176232e-01,1.907230795879776564e-01,2.170719961584730573e-01,2.380398325496224377e-01,1.667183220268078636e-01,1.700638959596982025e-01,2.038752092404197136e-01,2.254106276562689859e-01,1.929224652675646245e-01,2.795476773661894065e-01,1.860246352614461640e-01,1.698767932609662190e-01,1.563141464492398824e-01,1.575076360729683878e-01,2.464947154151625464e-01,1.620592504134307776e-01,1.427984399103966184e-01,2.295147573875435665e-01,2.045850122831538442e-01,2.844123947808155917e-01,2.622653123461564650e-01,2.868843542625171272e-01,2.715489589179425067e-01,1.063365702943468716e-01,1.214289293130959707e-01,2.221627832054028362e-01,1.153407858276161713e-01,2.648018331591318053e-01,1.119930114264383325e-01,2.524474796400423271e-01
9.311182511642617232e-01,9.658157748768252393e-01,8.745762141259900702e-01,9.305901826695607282e-01,1.000000000000000000e+00,9.226900501935041410e-01,8.545759069198171076e-01,8.879009986894792483e-01,9.760761995110474043e-01,9.389442819137373553e-01,8.879370990003307984e-01,8.940871044079404806e-01,8.741410145666395071e-01,9.775259191273188986e-01,9.077696918741923193e-01,8.285148783809016537e-01,8.837515813368159723e-01,9.022034027559053815e-01,9.209908674331466205e-01,9.635926521546590573e-01,9.731925084187293962e-01,8.914171201580484150e-01,9.765488425801982508e-01,9.664263293172710156e-01,9.577604115728903800e-01,9.100765169347522221e-01,9.353488214128765632e-01,8.586717878429735995e-01,8.612860116715560510e-01,9.291333775883893198e-01,8.391011763335124440e-01,8.867191857393134091e-01,8.148946077703186353e-01,8.254433675755087352e-01,9.017773974683944704e-01,8.351520893497711429e-01,8.033643719363730007e-01,7.955151792531532928e-01,8.824970276398305113e-01,8.600110602908069835e-01,8.043617702919690915e-01,8.229627825563401444e-01,7.802122919417526781e-01,8.743795681498881533e-01,8.221423338460982499e-01,7.009932098392731570e-01,8.111003953917499398e-01,7.646269857449254914e-01,8.459580337991745580e-01,8.719292732421257686e-01,8.961673063749888701e-01,7.889796059020246499e-01,9.012765787635643733e-01,8.724688059594831735e-01,8.707567596225381790e-01,8.126584022341127866e-01,8.396058266271047010e-01,7.736844159262835641e-01,7.704020104627894439e-01,8.451894268571282787e-01,1.339074097116810802e-01,1.466982149793364942e-01,1.997487868322184723e-01,2.404320692650198377e-01,1.247528376468523131e-01,1.640519125526625488e-01,2.204771543104726839e-01,1.359856049717634019e-01,9.850567554143149773e-02,2.344138197632437692e-01,2.146555936825599031e-01,1.412063406230082974e-01,5.517204038096919921e-02,1.562497945539411681e-01,2.430435640440817002e-01,1.471284681699117081e-01,6.979986846098498732e-02,8.651363394679983942e-02,1.731633169730370791e-01,2.729302564991288316e-01,2.236504901737864370e-01,3.006136866238609540e-01,2.887313437331148758e-01,1.308360396336381293e-01,3.126061325431812865e-02,2.210250535666082039e-01,3.269616122976833766e-02,2.967062714962589443e-01,1.177716007559789606e-02,1.421016686171152343e-01,1.494000145326974116e-01,1.906253724539854477e-01,2.133212706308003637e-01,2.759733260243997233e-01,1.861095061913569104e-01,2.035447089650409824e-01,2.579436915840417344e-01,1.712107935105226797e-01,1.850998707242261787e-01,3.227977543893238432e-01,2.061566071439023262e-01,1.807173449504547447e-01,1.088527337470498318e-01,2.031634424927836191e-01,2.935003189230818155e-01,1.613221066598029829e-01,1.603929350530353959e-01,1.853939997358329816e-01,2.417055418149724744e-01,3.127036874709563374e-01,2.895366460246912022e-01,3.293755269464236912e-01,3.289002887593514557e-01,1.654557175585683881e-01,1.064029472150553046e-01,2.635790373426802891e-01,9.166437111571024143e-02,3.164795159904318922e-01,6.588312803128257289e-02,2.502523288088537856e-01
9.853339158303389134e-01,9.336345293448135019e-01,9.715293939920852662e-01,9.433406999609809107e-01,9.226900501935041410e-01,1.000000000000000000e+00,9.220159444643063473e-01,9.361268736632322174e-01,9.418494578434458697e-01,9.661153257181189780e-01,9.392799270756130303e-01,9.654769152331313942e-01,9.296071910919565529e-01,9.331444383986639002e-01,9.477162404190838663e-01,8.064942763493401223e-01,9.575676396391550327e-01,9.155454300004044477e-01,9.740877787501474039e-01,9.118079394211838773e-01,9.324937637339957286e-01,9.371647104183459254e-01,9.230271098904091476e-01,9.014156852742365444e-01,9.306209966295219127e-01,9.500353513711566888e-01,8.935781587190031461e-01,9.153617375665468181e-01,9.210956015977022071e-01,9.036248904054338116e-01,8.968677622427186913e-01,8.723406175145819175e-01,9.011608946487905669e-01,8.346118434880569481e-01,8.573947456430464076e-01,8.959163851996274630e-01,8.516277401140985859e-01,8.349651038122530844e-01,8.660150382107201228e-01,8.822211786382870846e-01,8.570734760705723820e-01,8.800112460326284802e-01,8.292596159131627731e-01,8.586321349757690680e-01,8.614126012724865333e-01,6.956844033770525071e-01,8.676550412347614483e-01,7.837857890276624939e-01,8.943314262518178293e-01,8.423227237483847940e-01,8.751393572599006632e-01,8.477897497573398944e-01,8.680724507808376122e-01,8.218429431334955959e-01,8.778333908118808315e-01,8.496467880348779200e-01,8.303901012936286685e-01,8.257860904499165766e-01,8.219640821278164644e-01,8.143221348971653173e-01,1.570939702883623057e-01,1.603741721352939520e-01,1.856215045468536939e-01,2.097650315259268761e-01,1.268802219429792377e-01,1.473715742984672006e-01,1.764658844663405113e-01,1.528652049763431775e-01,9.702260693243618117e-02,2.161266635893877297e-01,1.671883784069253809e-01,8.778168123283686120e-02,4.121838073597030444e-02,1.356759498540094921e-01,1.914251692954474227e-01,1.475691679424302738e-01,4.510562454506996527e-02,1.131301350081827806e-01,1.228310744127629334e-01,2.529648289616166501e-01,2.044441648401924827e-01,2.660235561371498969e-01,2.238904302636113564e-01,9.592561901395948998e-02,2.261528147379824466e-02,2.095998440974938259e-01,5.213774908197800484e-02,2.582948815282661292e-01,5.963530047110873061e-02,1.368602624270023327e-01,1.841918638059512059e-01,1.966210890924184884e-01,2.259540797420300229e-01,2.598350590319475351e-01,1.985627176977019792e-01,1.939366136190120160e-01,2.196602700886114146e-01,2.372718302794364631e-01,1.956391126052880458e-01,3.223466538363998213e-01,1.589902209765667040e-01,1.282640262010021348e-01,9.716098559805932955e-02,1.831692298813467068e-01,2.452211986557080725e-01,1.865472285926520479e-01,1.445708746612768825e-01,2.545687802377064046e-01,1.912416314008864859e-01,3.032385727905357875e-01,2.809644117707390532e-01,2.994204298470847792e-01,2.640050944861138116e-01,1.317436787126481379e-01,1.247843431652662233e-01,2.568875945021017460e-01,1.155895496246665266e-01,2.961420100513048603e-01,1.330281383254008076e-01,2.633064516879792261e-01
9.298384301806351671e-01,8.667580295993642103e-01,8.764495127081847192e-01,8.570706508808647595e-01,8.545759069198171076e-01,9.220159444643063473e-01,1.000000000000000000e+00,9.772545861285566460e-01,8.695082193462191356e-01,8.922300862096246288e-01,9.578498072381446127e-01,9.712206727823975427e-01,8.524376041736290155e-01,8.683617116957543791e-01,9.761397644669206342e-01,7.640474361366559330e-01,9.705332883251812648e-01,9.286059612632797666e-01,8.705035625299394342e-01,8.524050378404248729e-01,8.607928910933996258e-01,9.479310342471466422e-01,8.366179360240411089e-01,8.195788940828357960e-01,8.310977532748443641e-01,9.610422459902311365e-01,8.095359424295727191e-01,9.736276474650025214e-01,9.129482121972610775e-01,8.223014001170756426e-01,8.742671916983786318e-01,8.159954162970390890e-01,8.374942732373870102e-01,7.777335406016738784e-01,8.101436934454642191e-01,8.508140417800824640e-01,9.323974418266071096e-01,9.038728877584466526e-01,8.181952659020522711e-01,8.320585927442691876e-01,9.012042761592776730e-01,9.062341679609242640e-01,7.588349025687746163e-01,8.225769021375027856e-01,9.212434648404762561e-01,6.442742552077811435e-01,8.926280948186027242e-01,8.266021313422312611e-01,8.149637500773637688e-01,7.934695780415700339e-01,8.227300980345544357e-01,9.011872981635041802e-01,8.063629928712902073e-01,7.662507961124205291e-01,8.028483687131140467e-01,8.925691088813118013e-01,7.764631569673779987e-01,9.025898445696581840e-01,8.288016818947590014e-01,7.386086848558996998e-01,5.721075446859275049e-02,1.843748738990247382e-01,1.603109809704978683e-01,1.626885484344651189e-01,1.241554414967047520e-01,1.794628529723177601e-01,1.445621733131319253e-01,1.086499655153731758e-01,5.128028719800484247e-02,2.122959668023234048e-01,1.215811363790701288e-01,6.996523164903802050e-02,2.169864053313917684e-02,1.232235436308423138e-01,1.567978634104336688e-01,1.046863026802314772e-01,1.555183754227610834e-02,5.023576515445017654e-02,9.796944681052260906e-02,2.328388870776629260e-01,1.930364642952455967e-01,1.998101499181536844e-01,1.427967994349753633e-01,7.286825093204461756e-02,-8.305047587907015902e-03,1.714713851694021629e-01,8.791178902079905752e-03,2.317207585104319456e-01,-1.012818601394973803e-02,1.159143333184639302e-01,7.821948591075399138e-02,2.175092411948553184e-01,2.163030082876050697e-01,1.928650063432296724e-01,2.195235898584237955e-01,2.372371329017393393e-01,1.762451657214966216e-01,2.126933744644697588e-01,1.393248163924965810e-01,3.198063487918491044e-01,1.288971551976292040e-01,9.192870102753304684e-02,8.169006844123852251e-02,1.661722192241761042e-01,2.052932160550875185e-01,1.455575596705891706e-01,1.089217425342034612e-01,2.060875604170258613e-01,1.492416239540211575e-01,2.627652177799503774e-01,2.789728512173772490e-01,2.203261825304455579e-01,1.760265454222843529e-01,1.115905878526448763e-01,9.600560367861540878e-02,2.118082405950823810e-01,6.238888220600624646e-02,2.463596813705406785e-01,6.934285264848322194e-02,2.464710446401704724e-01
9.500017547669145079e-01,8.901001228277829469e-01,8.969052663796089897e-01,8.946628174657336174e-01,8.879009986894792483e-01,9.361268736632322174e-01,9.772545861285566460e-01,1.000000000000000000e+00,8.983929149284097804e-01,9.323841130216116158e-01,9.751083989467058677e-01,9.733505803860313943e-01,8.834428459857938121e-01,8.929082979607898540e-01,9.849003119255929084e-01,7.861489658530683711e-01,9.687209892623483976e-01,9.592665360131247265e-01,9.001734547734753233e-01,8.842555048515488014e-01,8.960436609319416545e-01,9.651011282059246410e-01,8.696851826484749415e-01,8.531645205726171577e-01,8.687676745772296982e-01,9.796048475236890374e-01,8.382820257614118642e-01,9.776873269498468355e-01,9.411030885871004559e-01,8.699180831946197179e-01,9.024211221978959419e-01,8.463421554702753591e-01,8.637203549566566663e-01,8.261349099122295980e-01,8.467563120882681815e-01,8.746679811735645904e-01,9.285959272004955523e-01,9.221580165647866867e-01,8.470612492483965417e-01,8.766202323705534205e-01,9.212161937581236915e-01,9.211283459476875546e-01,7.987524117124661371e-01,8.494612119078434054e-01,9.256674452984817725e-01,6.711892267876293783e-01,9.067151537028736996e-01,8.481078254516668524e-01,8.517808269404245625e-01,8.288868014210467594e-01,8.621512832983675434e-01,9.199413164207321802e-01,8.469736547709606489e-01,8.056577996041029976e-01,8.415700796506682124e-01,9.171859037186506081e-01,8.145012153360374763e-01,9.060034247656489903e-01,8.663514547606356864e-01,7.964685963515441003e-01,6.638854241481510765e-02,1.928119704936340773e-01,1.986403344643649926e-01,1.927085198306044689e-01,1.354061089286134056e-01,1.805382831940853805e-01,1.642714659651439979e-01,1.236136162552801676e-01,6.130250903103506843e-02,2.320407619852774272e-01,1.627193255080179035e-01,1.086047126845379324e-01,4.365536772902514628e-02,1.415267807242703568e-01,1.819001984165839469e-01,1.298223711696907812e-01,4.940828115798022446e-02,6.870408210336124977e-02,1.460138239409130012e-01,2.531903395685288771e-01,2.133127966039590762e-01,2.429257321688124971e-01,1.821689347689839644e-01,9.038261855419305046e-02,1.080848240103822640e-02,1.977004286813677514e-01,2.687129098908907880e-03,2.559002231680949646e-01,-2.738708782611169734e-02,1.281716100599341601e-01,8.822938220634178597e-02,2.262457672151014787e-01,2.522386392715136316e-01,2.324603907780895262e-01,2.290320021080083090e-01,2.441589670857243488e-01,1.999085560330135514e-01,2.156584541800977417e-01,1.505384410989449862e-01,3.391323613927613723e-01,1.785244876259607649e-01,1.398990044514439313e-01,1.041564942926236359e-01,1.916772108882361103e-01,2.312848222010250310e-01,1.736420759676188530e-01,1.479816614918669226e-01,2.210060333619157102e-01,1.992021762342467694e-01,2.881559718449192009e-01,3.017692819256760917e-01,2.650814591091451011e-01,2.212285172424084678e-01,1.355002196631579225e-01,1.118380751995003697e-01,2.489238704845282979e-01,5.730957599021015147e-02,2.827656602701483779e-01,5.022066095017901910e-02,2.583827514875199349e-01
9.443872123212360137e-01,9.831604481881845992e-01,9.130753772348384478e-01,9.476810867988922915e-01,9.760761995110474043e-01,9.418494578434458697e-01,8.695082193462191356e-01,8.983929149284097804e-01,1.000000000000000000e+00,9.494873132748847810e-01,8.918812000976723553e-01,9.126379492461071941e-01,9.022393559225516668e-01,9.909560364343320549e-01,9.247139078620264518e-01,8.422353765656730440e-01,9.085600178386866732e-01,9.021298837421085626e-01,9.394046045485047181e-01,9.815647457994023384e-01,9.731791926480723998e-01,8.924505635803011705e-01,9.824235238750385069e-01,9.727182165030612282e-01,9.745143507162342678e-01,9.160930872219575916e-01,9.449678921071346105e-01,8.714215536993407119e-01,8.627773979756636624e-01,9.211600207898216208e-01,8.529919787048676483e-01,9.008898448288215066e-01,8.549116044567227624e-01,8.360583553075945362e-01,8.734627628045547043e-01,8.481419765997766369e-01,8.158957440478757928e-01,7.957953899350560523e-01,8.928406516254625558e-01,8.622290300103778726e-01,8.007031751551012544e-01,8.320163375464579847e-01,8.069614832158338302e-01,8.769720051092007029e-01,8.307348092605884027e-01,7.041479141490223359e-01,8.320939655956942627e-01,7.528239539370545907e-01,8.607848362387451324e-01,8.763671632697772607e-01,8.911028780601322197e-01,7.876133964159818257e-01,9.044567802962929504e-01,8.728911002191686030e-01,8.789909806935983783e-01,8.098409869040430475e-01,8.522677323118771353e-01,7.812883979327204242e-01,7.654363356865124812e-01,8.294041516263584990e-01,1.655837375898405184e-01,1.495585695509087099e-01,1.724900516450386390e-01,2.396524686799126891e-01,1.351473791337328700e-01,1.293262300065547155e-01,2.213683689202649296e-01,1.338404879118968993e-01,8.877305168669666346e-02,2.229612142709616052e-01,1.990762166509515152e-01,1.294461134056943408e-01,4.480361550184720071e-02,1.708079573466204926e-01,2.517167454289618855e-01,1.518668996859047216e-01,4.695695150776284937e-02,1.062545798555344229e-01,1.461337010319138652e-01,2.736752859140753613e-01,2.097670493246014123e-01,2.927535226449750061e-01,2.976388984706225815e-01,1.462408328532706081e-01,3.366329748004903005e-02,2.339897608117683103e-01,3.044779081503955556e-02,2.747783505706745677e-01,3.611416011386264432e-03,1.350965310616591974e-01,1.889558364754398978e-01,2.034604105769413362e-01,2.062786358816402210e-01,2.859950748430965528e-01,2.097833819356393625e-01,1.848963588624133181e-01,2.687711855678683870e-01,1.931722964262207187e-01,1.928878127939081810e-01,3.316388700298011916e-01,1.997246907466898869e-01,1.798441919057315319e-01,1.157453725735802658e-01,2.246791298067486453e-01,3.128882104136836984e-01,1.849706105129521605e-01,1.550288820606830764e-01,2.385529279182337092e-01,2.229060987283671136e-01,3.285018345430597564e-01,2.936631374819466678e-01,3.310541779756611125e-01,3.410538412527829855e-01,1.902636089365727923e-01,1.378022679137140549e-01,2.791087245308581100e-01,1.006854008449578619e-01,3.029108317894322888e-01,7.476596683191510939e-02,2.629554775570669412e-01
9.728919695788201816e-01,9.416679872980937560e-01,9.539445845332301666e-01,9.734133266897423420e-01,9.389442819137373553e-01,9.661153257181189780e-01,8.922300862096246288e-01,9.323841130216116158e-01,9.494873132748847810e-01,1.000000000000000000e+00,9.333457722196865092e-01,9.332393456028030831e-01,9.488401149155336611e-01,9.449215997326606553e-01,9.363358886537160863e-01,8.219546464338151059e-01,9.285105350363000998e-01,9.390633679543020085e-01,9.729203829544940119e-01,9.243446820592040591e-01,9.462210255278852289e-01,9.384185422533382059e-01,9.357055143897717864e-01,9.094852193333612389e-01,9.492133162680265190e-01,9.450302011366369381e-01,9.201213350237906763e-01,8.963860459232892985e-01,9.209198271489978938e-01,9.385766444238831108e-01,8.924754386449357257e-01,8.856750392700949437e-01,8.905789906777374920e-01,8.701226843462175342e-01,8.726998980649184334e-01,8.829972310481731812e-01,8.439361791282512515e-01,8.385100813362115213e-01,8.816802328175930015e-01,9.021159344260077928e-01,8.515516060755840000e-01,8.788602463733101722e-01,8.601479068276889350e-01,8.731335885724094137e-01,8.546389883112953667e-01,7.194374465920336803e-01,8.632714479573543320e-01,8.101103169366433709e-01,8.973226626841066533e-01,8.700464085298275085e-01,8.907412075427136866e-01,8.475773429733203246e-01,8.902456379336973757e-01,8.472707282058024036e-01,8.750722349484085782e-01,8.539663358277909122e-01,8.416537248297997209e-01,8.207536432543538485e-01,8.384705107310029826e-01,8.532475484309989255e-01,1.539659990589842820e-01,1.629676561647411814e-01,1.945573862659800146e-01,2.254610102561288298e-01,1.251190232192562202e-01,1.456276135028757024e-01,1.921425702945480096e-01,1.373983414398934066e-01,1.029830162526957082e-01,2.150794925972120686e-01,2.082707531127188372e-01,1.348195449701672932e-01,8.626547803332806907e-02,1.409139807728620741e-01,2.111913425895039498e-01,1.591607023612618688e-01,5.670975569633976421e-02,1.079594663410499145e-01,1.538647708381210566e-01,2.681037235910865846e-01,2.050378664675677476e-01,2.858818054506794271e-01,2.521287942730237042e-01,1.087146467360105700e-01,4.376352556442746067e-02,2.222399861612986138e-01,3.579764830975496609e-02,2.795750198587717006e-01,3.273203627725200515e-02,1.339799688010365197e-01,1.790131166248347394e-01,1.875661035595247994e-01,2.157967279742827871e-01,2.679686724268539599e-01,1.954887169298177851e-01,1.933880922411064240e-01,2.329270554387430914e-01,2.095657310233778048e-01,1.942548772752256681e-01,3.122393165137284377e-01,1.998396690707295031e-01,1.755371720132079816e-01,1.289463827305540322e-01,1.934520828860517849e-01,2.657326995220906096e-01,1.771230150805145342e-01,1.473979838856141478e-01,2.288842875735983828e-01,2.095520951429840906e-01,3.114710300991285763e-01,2.722048227782233876e-01,3.076745223692746722e-01,2.934732657483047902e-01,1.368344052308008152e-01,1.173823590776477965e-01,2.644448591307070884e-01,1.117256450712326710e-01,3.052005742020201806e-01,1.088306465226959591e-01,2.492293537985442176e-01
9.631436373062780554e-01,8.728769569635947967e-01,9.090641211032527425e-01,8.809214873156289149e-01,8.879370990003307984e-01,9.392799270756130303e-01,9.578498072381446127e-01,9.751083989467058677e-01,8.918812000976723553e-01,9.333457722196865092e-01,1.000000000000000000e+00,9.758122363742939287e-01,8.608964177159509346e-01,8.875805318563390056e-01,9.658473505717374286e-01,7.423293401247811341e-01,9.588831978866645400e-01,9.342714250918170427e-01,9.073557163715466611e-01,8.676439610583202011e-01,9.049559934066134792e-01,9.882545746285164023e-01,8.671486988788773553e-01,8.324320240254546865e-01,8.852314801148268852e-01,9.838128625269576544e-01,8.282742031488582457e-01,9.539632695654989281e-01,9.569548865041445085e-01,8.643564667433285553e-01,8.901671620610921432e-01,8.140314386875106001e-01,8.581060708890672073e-01,7.888298219828159263e-01,8.186231163596660032e-01,8.655278382790395630e-01,9.047751514453652444e-01,8.924091827034372759e-01,8.160479044012354244e-01,8.555308749404292312e-01,9.163045787432636535e-01,9.223031723219217159e-01,7.684434330318296036e-01,8.124303759888699128e-01,8.912876850266105988e-01,6.308587348861340871e-01,8.947642889126868893e-01,8.121425896632442631e-01,8.406642967647653952e-01,7.943703601983331808e-01,8.474901670745289550e-01,9.100102909471577961e-01,8.227345676343285064e-01,7.637737008720942855e-01,8.186886887335987906e-01,9.016824186553140663e-01,7.657583964928563747e-01,8.790457977562927683e-01,8.703823764065926616e-01,7.818811139539845190e-01,9.097135522518259854e-02,1.708082353524119634e-01,1.893182765153426372e-01,2.083098746468315110e-01,1.414082431683292007e-01,1.807381235155888499e-01,1.853432882477453747e-01,1.158448077178016317e-01,6.251142930142872256e-02,2.376846699984185851e-01,1.750284787587346735e-01,1.059007118187820645e-01,2.845480324405031888e-02,1.531949210393850624e-01,1.945183428876283149e-01,1.509905054736334074e-01,3.779894401371910323e-02,8.441384417801867102e-02,1.378295095116662539e-01,2.679531851555114752e-01,2.079564352251408732e-01,2.549771979400134447e-01,2.111589920471255710e-01,1.174019159645693783e-01,1.614214972062907177e-02,2.231882585514230188e-01,5.289818118761984572e-03,2.671437981739664957e-01,-7.431211753577639592e-03,1.221663962295148481e-01,1.077572024557806735e-01,2.115036258024294846e-01,2.262252090935542859e-01,2.327916309871199130e-01,2.014380107414994736e-01,2.180797810601362852e-01,2.077188003809850581e-01,1.735728880310971334e-01,1.413823525056230046e-01,3.306982956126353623e-01,1.739888919202621786e-01,1.344981693880155371e-01,7.677648603143144568e-02,1.892372128820629107e-01,2.300612528262052647e-01,1.728829746301287495e-01,1.256687128359860739e-01,2.028299591327954454e-01,1.852951942266821694e-01,3.002919045313207080e-01,2.714354044850584846e-01,2.659432623825988551e-01,2.364159736157671055e-01,1.426052827620179764e-01,8.892508336443130657e-02,2.577176427573202866e-01,5.391161681832749852e-02,2.895969417024998327e-01,5.637112132541648862e-02,2.319794841357999959e-01
9.729185725193144618e-01,9.037922866857663884e-01,9.324897606109004977e-01,8.950771539173577596e-01,8.940871044079404806e-01,9.654769152331313942e-01,9.712206727823975427e-01,9.733505803860313943e-01,9.126379492461071941e-01,9.332393456028030831e-01,9.758122363742939287e-01,1.000000000000000000e+00,8.863617557440888195e-01,9.080990711736667276e-01,9.750060112207165064e-01,7.729076790490191362e-01,9.861264904768435313e-01,9.268706979707332927e-01,9.237154836208875119e-01,8.924165663871402865e-01,9.074316459524676137e-01,9.703485451587310351e-01,8.855848248751813090e-01,8.613359413430368150e-01,8.913224844314913131e-01,9.780504510512593175e-01,8.505363495317513900e-01,9.580180383934744359e-01,9.454623199547170787e-01,8.652903472115264227e-01,8.939667492563935225e-01,8.394840160128033135e-01,8.748031332619821132e-01,7.964218458378903298e-01,8.282765070641641136e-01,8.723958947632239891e-01,8.989550526934709795e-01,8.826588502355655619e-01,8.360406765706757115e-01,8.632250935789541613e-01,8.990044509484996782e-01,9.106268067556376744e-01,7.854694842238763020e-01,8.318999834335265575e-01,8.986118671972297411e-01,6.446955359732260415e-01,8.919790381576547800e-01,8.056992873003092637e-01,8.545461291221838618e-01,8.114658422097449364e-01,8.549443112325939564e-01,8.966060581636090543e-01,8.346036616828977905e-01,7.788368418491335987e-01,8.465381722115427054e-01,8.871200023557856973e-01,7.942623538952636730e-01,8.717915848056392303e-01,8.437045066452630859e-01,7.757653291879557100e-01,7.895971292172229705e-02,1.541444250121015991e-01,1.482016800067106066e-01,1.791442158446520105e-01,1.156633032513850051e-01,1.409371585596424781e-01,1.483843401528935069e-01,1.075012401518333632e-01,4.321110377324565571e-02,2.036571418330212213e-01,1.418391433084726649e-01,6.924170546185377806e-02,7.856985629320000983e-03,1.213160076857529995e-01,1.592089283098105101e-01,1.077958658964951189e-01,1.268890736071462064e-02,5.668463772485500540e-02,9.836102039393601615e-02,2.336832267076957848e-01,1.734203427773967909e-01,2.205975532803473582e-01,1.728503673818322373e-01,7.188114719842599032e-02,-1.287765025528224243e-02,1.823525622528410495e-01,-4.326195662016847935e-04,2.345673715165046691e-01,-1.099244920040028453e-02,1.031853669850758687e-01,1.034163348320886050e-01,1.947098192611454726e-01,2.039093704924308526e-01,2.137822278271659104e-01,1.925903704217569734e-01,1.922829167805308881e-01,1.849820522784110799e-01,1.891367969228409662e-01,1.402777210543210418e-01,3.108178099648756798e-01,1.405315879192197137e-01,1.012196091012134980e-01,6.676607465729192392e-02,1.637901022767133952e-01,2.089400772339039536e-01,1.510084784180293904e-01,1.155279514308785588e-01,2.134628816915962457e-01,1.565371049272075155e-01,2.704007698455270226e-01,2.563732912962625177e-01,2.450453003116337403e-01,2.050083670948268377e-01,1.126699179996114020e-01,9.367374530106578612e-02,2.271587917431096282e-01,5.385752804899559404e-02,2.575840137134531305e-01,6.668590167816552949e-02,2.374366920513081014e-01
9.299502264218478809e-01,9.062018618146064908e-01,9.339655170904562764e-01,9.710046551375683954e-01,8.741410145666395071e-01,9.296071910919565529e-01,8.524376041736290155e-01,8.834428459857938121e-01,9.022393559225516668e-01,9.488401149155336611e-01,8.608964177159509346e-01,8.863617557440888195e-01,1.000000000000000000e+00,8.952779068799898710e-01,8.820934908201341074e-01,8.310092600906474614e-01,8.985213261410345265e-01,9.065736701742718173e-01,9.536619040722067453e-01,8.886247143902027412e-01,8.705737396720019117e-01,8.580201866682349854e-01,8.728556103450979542e-01,8.676269796157713987e-01,8.856980255888826647e-01,8.817055333353529534e-01,9.071447141980926165e-01,8.550162782671396622e-01,8.648741921170083335e-01,8.977531757422677616e-01,8.824527548366143392e-01,8.730443647570261811e-01,9.014270813832545581e-01,9.012164802076900738e-01,8.343575097043541833e-01,8.635490896843247555e-01,8.122998722680824235e-01,8.148055648226039116e-01,8.639060032374220599e-01,9.008394263101565658e-01,8.062613856466751550e-01,8.284233479417282275e-01,9.337373046189997305e-01,8.522278133955868418e-01,8.286660930654520252e-01,7.508910773943811012e-01,8.435778165913941917e-01,8.271339874433980555e-01,9.093810069977051880e-01,8.535614720796639299e-01,8.386388146511507546e-01,8.062947033980850664e-01,8.445376441276547519e-01,8.203882474235905109e-01,8.527009404443691709e-01,8.164974960334268062e-01,8.705755661427164727e-01,7.903622554076995543e-01,8.006128623900976571e-01,8.306850678444576142e-01,1.062019099597309446e-01,1.340075790200658812e-01,1.384954128100090998e-01,1.280672777047981992e-01,5.747753571412757972e-02,8.335301295111145758e-02,1.001327835441115643e-01,1.106116446879309434e-01,6.195392604454065533e-02,1.358317716180053314e-01,1.453981644270566920e-01,7.433488964561099643e-02,7.951198027295734716e-02,5.156146802425399384e-02,1.167183044231583228e-01,8.139253973434007472e-02,1.935007890850700546e-02,6.100064312656450216e-02,9.537454559537489329e-02,1.825547720918276606e-01,1.398125259105844620e-01,1.980515965618226126e-01,1.476334891724008225e-01,4.405680152031297633e-03,-3.437253077289276031e-03,1.149971174645416788e-01,1.231354221874530336e-02,1.808740444117329094e-01,2.909014579938011200e-02,8.309747533796807417e-02,1.330221911138882163e-01,1.571028745711045838e-01,1.795252115043258767e-01,1.771782777564793188e-01,1.234889981304698181e-01,1.350837625478828741e-01,1.374630765785427033e-01,2.133028855112738265e-01,1.635926687230568610e-01,2.329355060720795234e-01,1.483501834452612689e-01,1.027008323584550215e-01,1.310215656800441386e-01,9.912679977214158833e-02,1.698573068692355026e-01,1.176913398912244474e-01,1.085752608918134077e-01,2.018565151797284130e-01,1.505713627422601841e-01,2.221250894101464701e-01,2.204208900266174942e-01,2.204281955335727905e-01,1.850071294930440702e-01,3.673392767177229012e-02,9.327837754637159640e-02,1.626213178799841286e-01,9.598203826572067332e-02,2.073785862111071909e-01,1.201139116614229202e-01,2.123314333012065735e-01
