1.000000000000000000e+00,1.349129062357188602e-01,5.268623753439554136e-01,2.756580502361182239e-01,1.494481492657881716e-01,5.053737800054459717e-01,4.450257442319008327e-01,3.628459658676539412e-01,1.000348391248763735e-01,3.910506976919380095e-01,4.756327910095713984e-01,2.445087018371402410e-01,3.520852953129369745e-01,1.168472304743837092e-01,4.605142403256566319e-01,1.182092247027093784e-01,5.028172116581210993e-01,2.285154910177954746e-01,5.757922311962306861e-01,1.964021786486853383e-01,1.845237898366451912e-01,4.108288674584915645e-01,3.155389493941200274e-01,1.049619794957958457e-01,2.317823883191627576e-01,5.935723946885496094e-01,1.902271783596549137e-01,4.282813312405009953e-01,4.047633088199033002e-01,2.722737423482836094e-01,4.402064379786651584e-03,-3.944435008121007641e-02,3.609359640961024712e-02,-4.264599451440832106e-02,2.010553358294535960e-03,3.666007372036210465e-02,-2.281476345612018508e-02,-1.179742303678903538e-03,-2.017788081750023638e-02,5.424258329823655744e-03,5.977981089549992688e-03,2.776561893895476002e-02,-4.917590080226388362e-03,-2.667761077689753332e-02,-4.407063450475923183e-02,-3.472016626285778090e-02,-9.039270027709376751e-03,-2.503251497016977661e-02,-1.634372383503119100e-02,-6.311027614448547207e-02,-2.296345122060964444e-02,9.950983254458417929e-03,-2.909672393079806851e-02,-7.600071344170371279e-02,-1.003779785424424413e-02,4.825910825226682223e-03,-5.169069394740224109e-03,-2.478990785819507395e-02,4.386356359042773573e-02,-4.262632341698324723e-02,-5.646067485711789985e-02,-8.945033753413231259e-02,-7.506572965086874549e-02,-8.399779348639505733e-03,-4.623537157634848016e-02,-7.495742898016469202e-02,-3.221534917131463338e-02,-7.416598648574686259e-02,-6.591894259289945990e-02,-7.460690369747555173e-02,-2.716799672708489558e-02,-4.813067591655843802e-02,-8.189570629921211209e-02,-5.827856112846881154e-02,-4.863660752181589442e-02,-7.049695530478061745e-02,-7.202910457338733419e-02,-6.198226594167965953e-02,-9.272842213547034806e-02,-4.425804911849241796e-02,-7.540829865529782849e-02,-4.187607209872130920e-02,-3.802709783612134853e-02,-4.094196659219643403e-02,-7.541291389344467744e-02,-5.703296824189625636e-02,-7.124247437711134223e-02,-5.157193927550919599e-02,-6.184804951637261350e-02,-6.582742335399033307e-02,-5.167708291745324450e-02,-8.968612483729519747e-02,-7.506604650817465252e-02,-8.435557830325386350e-03,-4.769810220759700126e-02,-9.438444260877419667e-02,-3.592465003067384088e-02,-7.822355429187118070e-02,-6.579257966596696594e-02,-9.086175550605761486e-02,-5.548432607475912298e-03,-3.257760663970547810e-02,-7.941448232413994557e-02,-4.576873563906983661e-02,-5.565850457323119616e-02,-6.669760450511182104e-02,-7.014740993135988589e-02,-5.630999051987412019e-02,-8.723547357782553135e-02,-1.858729941298943936e-02,-7.835875197522149116e-02,-3.238971677734222426e-02,-3.509541343943189950e-02,-4.377069584815351799e-02,-8.342797237936890042e-02,-3.745805370128438977e-02,-6.932013313624879602e-02,-4.073504878058574474e-02,-7.247810284154622418e-02,-7.049836945067761151e-02
1.349129062357188602e-01,1.000000000000000000e+00,1.613724782687241954e-01,1.046332164017397814e-01,3.919259068196976337e-01,2.889047729491953098e-01,1.758066493701846145e-01,2.184931237122404724e-01,4.204080474910689147e-01,1.584290049378599130e-01,2.356898013521564750e-01,2.977251170101217204e-01,6.040381018331573981e-02,3.579119111733385372e-01,2.349088771479235782e-01,1.469892462595800142e-01,3.335086551322306025e-01,1.108112375189275189e-01,1.928686522766880074e-01,1.692955524265338518e-01,5.263901962874772966e-01,2.154659344375880747e-01,2.880780990000330055e-01,3.496258678514754248e-01,2.380759951901190163e-01,1.498997113338428333e-01,1.433881494457001637e-01,1.227490765179211490e-01,1.270554157903470982e-01,1.675037256366813387e-01,1.833397310235623107e-02,2.790019158461089568e-02,5.361183326065237231e-02,-7.550399778519331639e-03,4.714637241586315530e-02,2.578767825759524512e-02,-2.844487969381470638e-02,-5.865825885668536632e-02,5.109873530444698081e-02,7.349509217067492182e-03,-8.543599346178858828e-03,1.896912422146749405e-02,2.175296951189191128e-02,1.013705865547476388e-02,-1.917293719640161126e-02,1.021685692105480173e-02,2.731605004042563997e-02,-2.560059871701503287e-02,3.995822240413320070e-02,4.455113545165510953e-03,1.796272090922863135e-02,-3.488598115084732849e-03,2.395459585929268775e-02,-5.013302619683777245e-03,3.377708108994426084e-02,-2.507201280151260050e-02,1.949078567710078869e-02,-6.367289738668452381e-02,1.791765566837739574e-03,-1.528484403650693865e-02,-5.615429587333838068e-02,-9.970641867964676053e-02,-1.189335874755629158e-01,-2.724272752388840965e-02,-6.087324751610707907e-02,-1.019746387432043655e-01,-5.140137868818823313e-02,-7.798829561026374146e-02,-8.214018529606753605e-02,-6.835308661859559876e-02,-8.092561424628240407e-02,-5.597469161100550317e-02,-5.090722196468979582e-02,-3.115771284202231359e-02,-6.343335709882311213e-02,-7.354712698326000553e-02,-8.506827001269225141e-02,-6.216978649950553187e-02,-8.369822290738261616e-02,-6.211268984358662287e-02,-7.778990812775551933e-02,-3.766375438844994650e-02,-2.324444925097264580e-02,-4.816270420884923020e-02,-7.403159212153120894e-02,-4.777177222419182190e-02,-6.345441359938033821e-02,-5.749957432189012341e-02,-7.988204400008154515e-02,-8.282413168999037956e-02,-6.208329293300555995e-02,-1.031027436777230549e-01,-7.624808373315364318e-02,-2.113091676024260110e-02,-5.279086046344775435e-02,-1.101437622203708805e-01,-2.878465874402251143e-02,-6.068589775352754845e-02,-7.553645918709694929e-02,-6.260286216657351410e-02,-2.983709760793330085e-02,-2.507287591683829767e-02,-6.347261576070184486e-02,-4.446037704681272962e-02,-4.483316621422545056e-02,-6.833724339954819205e-02,-7.306551140221710650e-02,-5.998740592347361761e-02,-8.968985036080937001e-02,-3.511574136709933597e-02,-5.519112333262493619e-02,-2.162446185211503238e-02,-2.994193865351070169e-02,-4.209031070141248942e-02,-7.274405913823830949e-02,-4.889703353789068979e-02,-7.851063963085179453e-02,-2.301148332313006709e-02,-7.313675824505655454e-02,-7.401568394820109975e-02
5.268623753439554136e-01,1.613724782687241954e-01,1.000000000000000000e+00,4.002431622258761923e-01,8.050235015110929204e-02,5.670865767660953072e-01,5.223318262532808953e-01,3.674362127353451579e-01,4.584822824888106635e-02,5.105856064179099540e-01,4.141471630736375809e-01,2.745103115175318020e-01,3.536979405331676651e-01,1.505753010528032010e-01,3.545042975900505877e-01,1.306161997318402990e-01,4.253134593581454070e-01,2.022219709851782177e-01,6.085167719599509084e-01,3.901780290208966412e-02,5.136655707657514225e-02,3.486963406246860742e-01,2.617032726723270142e-01,1.889613069403524026e-01,2.090632973941657646e-01,4.883448895232395670e-01,2.219767931738741984e-01,5.082214593692399029e-01,3.613486536370890678e-01,3.617564233861433887e-01,-2.032396055703325488e-02,-5.177633475071005166e-03,9.642565012081429077e-02,8.931813960319270537e-03,1.676111904549749607e-02,5.106704100319797712e-02,-3.026906410008569151e-02,-1.941475226106718910e-02,8.579457137449888679e-03,5.759528839905506820e-02,-2.312593717139030045e-02,2.229178086106355441e-02,3.025957722654476836e-02,-9.144239973064863247e-03,-1.896443095275892124e-02,1.631844172759315190e-02,-2.667917991861955274e-02,-3.431368453821567743e-02,1.952171483401566460e-02,-7.285566479328557665e-02,-1.064211721657506299e-02,-8.165983335039530763e-03,-7.959601860928139719e-03,-5.445580819787999849e-02,-1.999840516401787949e-02,-3.627107725642977898e-02,5.767037406505778896e-02,-2.618599076076524521e-02,-2.793112287310215922e-02,-2.165029483008098533e-03,-1.443978688866441318e-01,-1.433270958366119618e-01,-1.345717466609763768e-01,-9.116354921380476206e-02,-1.248229103276808777e-01,-1.546388043567601400e-01,-1.098473199937574640e-01,-1.498434636031591993e-01,-1.365524320595034591e-01,-1.413431876495924167e-01,-1.117312459325832674e-01,-1.262322230489232311e-01,-1.441585043438673441e-01,-1.330619188663593744e-01,-1.192038084224063127e-01,-1.535521642814851595e-01,-1.395721139081416429e-01,-1.285472685051651520e-01,-1.589790475138253001e-01,-1.136294297172128070e-01,-1.452829317948489962e-01,-1.240935425727143632e-01,-1.130316066710482098e-01,-1.178340002450661839e-01,-1.331069953949340356e-01,-1.415025856041638164e-01,-1.436790807071751663e-01,-1.220893032288848379e-01,-1.250462115499254845e-01,-1.262802753720240756e-01,-1.471032991684395608e-01,-1.583015996655017799e-01,-1.397064171138540645e-01,-8.087351737603511170e-02,-1.102764223025962664e-01,-1.597955961797399571e-01,-9.858989356071100330e-02,-1.441046899362934675e-01,-1.312479940230104891e-01,-1.498310551434320625e-01,-8.884685113606731466e-02,-1.083378943031019642e-01,-1.224707101287598882e-01,-9.481470773483888226e-02,-1.221510417729205072e-01,-1.321987261290950011e-01,-1.392083916748695915e-01,-1.263036783708568755e-01,-1.559360563393146770e-01,-6.502250970026328403e-02,-1.368527457016862348e-01,-8.279995931182308755e-02,-1.129163702919876167e-01,-1.183754573792910325e-01,-1.341859459894213236e-01,-1.217614793513250998e-01,-1.338106936738295560e-01,-1.044419645104429084e-01,-1.220107616629189234e-01,-1.288174465546348124e-01
2.756580502361182239e-01,1.046332164017397814e-01,4.002431622258761923e-01,1.000000000000000000e+00,2.171972940814240749e-01,2.489116609907583988e-01,2.185130281770769900e-01,1.324637821660503700e-01,2.183799835021790203e-01,7.192494899489570992e-01,2.325793856305539142e-01,2.265238615551907753e-01,7.006071258972402793e-01,9.602836032317521586e-02,1.630337955413961037e-01,7.059113309319476892e-01,1.865834899265315650e-01,6.171694672538065030e-01,4.594566874627480368e-01,2.017058962798461575e-03,1.628934216752129516e-01,2.812467581024056806e-01,1.253382557898493621e-01,-6.837547041108438250e-02,8.176410485517632276e-02,1.118734107165917507e-01,1.831333343414438541e-01,2.933476127292039548e-01,2.279346325968018561e-01,7.515024189306748204e-01,1.128628237957585018e-01,7.923252465869538852e-02,8.706696281327486187e-02,2.746661535349860794e-01,1.068946539167266591e-01,7.784787746222969484e-02,1.012516457799472747e-01,4.801696786540896045e-02,5.157486683433420982e-02,1.990680156137261680e-01,3.120632597182621676e-02,5.902731252022035829e-02,2.814556469413835860e-01,1.091211688133654906e-01,2.776937803017664325e-02,3.963282035792966007e-01,1.799693381863909716e-02,2.938753746826952562e-01,1.904128351975961642e-01,4.134411431221059197e-02,4.614999968628687166e-02,8.238366370823592411e-02,8.675058601803080360e-02,4.375548150522592245e-02,1.215249374409448947e-02,1.072023196373544512e-01,9.284185696069228999e-02,4.501770915453042615e-02,7.238963059243129494e-02,3.974119699216481227e-01,-8.854084615174040440e-02,-8.931514211106889034e-02,-3.902557055927281110e-02,-3.779040429090267661e-02,-9.563142793255000051e-02,-8.596043544113785018e-02,-6.932952629708058478e-02,-9.662496511421891920e-02,-5.425207027207548660e-02,-9.931396910536587075e-02,-6.916416688175633376e-02,-7.122870020685577452e-02,-7.529137109403023775e-02,-8.660454940182583938e-02,-7.505648506356453475e-02,-1.035073887330090342e-01,-5.871627008414979920e-02,-9.182040471925281833e-02,-8.041316999710448887e-02,-6.444072460800863433e-02,-1.039673344676819294e-01,-6.806519600617820520e-02,-5.202963124027469577e-02,-7.280674510652744569e-02,-9.611453227564291379e-02,-7.080260019040419961e-02,-6.525525016516164900e-02,-5.693659372798647728e-02,-5.563718502825541756e-02,-5.565415261037503364e-02,-8.426813122763544828e-02,-8.682442738350050482e-02,-6.701838156813043346e-02,-2.986588585652470706e-02,-8.351597323764581304e-02,-1.113890901622634350e-01,-5.352999918178833610e-02,-8.519420684427404800e-02,-6.667671782397223412e-02,-1.102444318676002316e-01,-5.563934136388918456e-02,-3.749329772741521322e-02,-4.246931863191336781e-02,-7.080101610242574284e-02,-6.542152436457349118e-02,-1.041377088167577819e-01,-6.196005491034980994e-02,-9.739229809251301329e-02,-8.239860735444615170e-02,-8.222071986098818119e-03,-9.228597326356853536e-02,-3.956037905036881991e-02,-6.159319341597994935e-02,-7.654724181105540537e-02,-7.426612589862062463e-02,-6.108806583205850932e-02,-8.219960466282874578e-02,-5.033201146235826567e-02,-6.698269650393622043e-02,-5.366532378665253566e-02
1.494481492657881716e-01,3.919259068196976337e-01,8.050235015110929204e-02,2.171972940814240749e-01,1.000000000000000000e+00,2.334971424368580961e-01,2.088241869350228597e-01,2.618713245918455335e-01,4.857107563174213327e-01,3.308085283443580327e-01,2.284615363190820037e-01,3.841526021576524008e-01,3.205717136358848807e-01,3.545748849309127149e-01,3.866460128331757895e-01,3.195783096263866141e-01,2.300883253861408795e-01,1.175963849696873981e-01,3.632187047698199334e-01,1.736542793223898040e-01,6.289099690667164788e-01,3.854041061340029994e-01,2.650600401627953850e-01,3.122600198873670685e-01,4.352036987736204732e-01,3.139213453384233632e-01,1.862350995023604738e-01,1.506198880207940405e-01,1.807229248027537871e-01,1.967243919194789914e-01,3.652588014604906536e-02,1.195685384372548047e-03,-1.141534446617056961e-03,3.989522202013137675e-02,4.476482388072450941e-02,1.039340246040827177e-02,2.810764501257244710e-02,-1.364932943639811207e-02,5.623938279679955611e-03,3.016082511733493565e-02,-2.581005268215678591e-02,-1.281387411409875589e-02,1.158650528901447076e-02,8.164792815079242871e-02,-2.154950106368911170e-02,1.401975170561825003e-02,-1.162263604797386836e-02,3.582603757166013397e-02,6.804939604733063752e-02,5.270024561065760581e-03,-5.844033162612780226e-03,3.537724922955591544e-02,8.729458098502841656e-02,6.802998067413458527e-02,8.596844171986587485e-03,1.841108362876632543e-02,7.847460796232682764e-03,2.814147180757412339e-02,1.004901558593324952e-02,5.132282198705304110e-02,-1.074838802588245212e-01,-1.616852693988941325e-01,-1.547946257697285222e-01,-9.392011729237580153e-02,-1.256147953687856145e-01,-1.513549650445005224e-01,-1.238381951590410701e-01,-1.399671721482455555e-01,-1.329692900328925398e-01,-1.411133492908785425e-01,-1.186064306771176663e-01,-1.264432382018179368e-01,-1.190202878228377864e-01,-1.073492096491033415e-01,-1.354711561512710050e-01,-1.265173533164222486e-01,-1.543353825947132163e-01,-1.134856057948275543e-01,-1.388547777336041622e-01,-1.156842535427862056e-01,-1.486155255100275741e-01,-9.975561802886254159e-02,-9.360379871823444609e-02,-1.270152388066408677e-01,-1.318909905828789531e-01,-1.032877016808844001e-01,-1.232996537556940997e-01,-1.181802271717166536e-01,-1.119507066803491907e-01,-1.517347181038415371e-01,-1.171693012217113333e-01,-1.299413432722275885e-01,-1.209782704576052581e-01,-6.922534200539146032e-02,-1.238284212044910848e-01,-1.289430694627234919e-01,-9.513556671827379241e-02,-1.423016433097247235e-01,-1.409417847974890337e-01,-1.424604702285162394e-01,-3.582062007984376101e-02,-9.264639455184413286e-02,-8.491571810115065844e-02,-1.151583162703803676e-01,-1.157067651120755603e-01,-1.039838544903461393e-01,-1.449264697753840370e-01,-1.136159610684845389e-01,-1.399186035466509215e-01,-4.194301044978406001e-02,-1.161650791750846179e-01,-6.537536234684306058e-02,-9.837578370365987479e-02,-1.093952515029400496e-01,-1.181547369187919694e-01,-1.152494539161135201e-01,-1.411444062303379710e-01,-5.983318276613781850e-02,-1.211497429857358032e-01,-1.305996159818454960e-01
5.053737800054459717e-01,2.889047729491953098e-01,5.670865767660953072e-01,2.489116609907583988e-01,2.334971424368580961e-01,1.000000000000000000e+00,3.780729196872054110e-01,4.770530775581351413e-01,2.382841639392749566e-01,4.314814559726312115e-01,5.387872356582704692e-01,5.292352699076535716e-01,2.318911195378793311e-01,-7.234038929238226223e-02,5.245834278924124128e-01,2.449478315423797015e-01,7.009035596161017345e-01,1.893967154129015673e-01,4.657438822379845744e-01,9.627538828881074262e-02,2.155438454827438011e-01,5.508974078603857683e-01,2.286899192977735751e-01,1.386416740491426547e-01,1.772122518082015208e-01,2.679621249591860321e-01,1.069267310191428233e-01,4.340669217132573920e-01,4.264589123017152317e-01,2.218016780088790385e-01,-1.401803377328495435e-02,-1.270521756504343694e-02,7.980204321383564670e-02,-4.443235865468401352e-02,2.415202474571160468e-02,5.918213709969221553e-02,-9.071635495468981583e-03,-1.332768161437202642e-02,-1.903165710217475173e-02,4.404711832763971019e-02,-2.547192535186710433e-02,2.953768125955987672e-02,-1.436873298856439392e-02,-6.127205283039395024e-03,-6.953133487382269322e-03,-3.229770265852771605e-02,3.970120429875161755e-02,-6.903834936694799862e-02,-2.365423026171523894e-03,-6.511803671131630167e-02,-6.019110920844595453e-02,1.822733450351325451e-03,3.962185391317507056e-03,-4.390763209289290370e-02,3.646467642225194317e-02,-2.570172713886854921e-02,7.048618749371340919e-02,-5.143845723211935839e-03,2.253084320423891923e-02,-2.923656240278379309e-02,-7.585911622277978494e-02,-1.095533704677131570e-01,-1.104074232333097094e-01,-4.139946528487758320e-02,-8.317830374026995155e-02,-1.115377420136356851e-01,-7.941359120998786603e-02,-1.140607372557630589e-01,-9.230209091331249838e-02,-1.205034589008239093e-01,-1.080650941226286993e-01,-7.291158715465970164e-02,-9.518809348766606171e-02,-7.038519302108017794e-02,-8.928430131998942032e-02,-1.003220208797860752e-01,-1.173383852387603343e-01,-9.890558831308589316e-02,-1.131591881398726213e-01,-6.860015226986203307e-02,-1.055631934808373557e-01,-7.145922245790227445e-02,-7.277955774436335734e-02,-7.738271213178421482e-02,-1.048228458367547050e-01,-7.772147015719643726e-02,-1.076586355100060816e-01,-7.741241629598440144e-02,-9.101363394349171188e-02,-1.051514577018842905e-01,-7.152977541379056114e-02,-1.212695388844373667e-01,-9.957933819974655598e-02,-1.760045969506182292e-02,-6.661560405660361950e-02,-1.188359400095943541e-01,-4.589061265891602320e-02,-9.958529149512969358e-02,-9.423384531778924988e-02,-1.139619682344666651e-01,-7.295071903654488932e-02,-4.185983636927195078e-02,-1.013155234836386892e-01,-4.667321487410273917e-02,-7.523649769369311624e-02,-7.788187221953536687e-02,-1.077247607454284162e-01,-7.734254378741035885e-02,-1.025429680751305528e-01,-4.751612607953701467e-02,-9.702255875626930592e-02,-3.706850993908664127e-02,-5.984106467037651061e-02,-5.947780600673342744e-02,-1.083163460987934812e-01,-5.192618942308339924e-02,-1.095314304902430536e-01,-6.710211162636418869e-02,-9.691654039357094907e-02,-1.000887207506501730e-01
4.450257442319008327e-01,1.758066493701846145e-01,5.223318262532808953e-01,2.185130281770769900e-01,2.088241869350228597e-01,3.780729196872054110e-01,1.000000000000000000e+00,5.782998387605712276e-01,4.933994844611185038e-02,2.592498900190985389e-01,5.259005777628972256e-01,5.092135660117345086e-01,2.721646950600709047e-01,1.538682677355999728e-01,6.546741097195861725e-01,6.780083384272651836e-02,4.096644087024666758e-01,3.233399045855797627e-01,2.675222475702333513e-01,9.397806609171194259e-02,1.629236522905408713e-01,3.902551986101590042e-01,1.125471777794763151e-01,2.031979692869990695e-01,8.408592003959484973e-02,5.916536993386757315e-01,7.959394427614630008e-02,6.080670484234274031e-01,4.300473477364212815e-01,1.455504516481568589e-01,-2.268018347181218787e-03,4.493686807645227987e-02,-7.795796691626978581e-03,1.672778076263982047e-02,8.895915821813728253e-02,4.473743361666274697e-03,8.945347335261405464e-02,8.973239472273018824e-02,4.277656801879131665e-02,3.350386809453084758e-02,8.634312623648084106e-02,7.914692753670304892e-02,-3.575068475356990572e-02,1.288290875119811607e-01,9.545370837619322757e-02,6.220727835704034647e-02,7.777554535942151660e-03,5.476093390832229013e-02,-1.421377398500467230e-02,4.853562993426322608e-02,7.973491784702639584e-02,7.500739672435607908e-02,8.428703982722984822e-02,6.288871590302363979e-02,-2.924888586229908508e-02,7.359622758587307245e-02,2.472587218405628007e-02,1.092643643179428553e-01,3.766136234913829844e-02,5.862169355181365976e-02,-6.089412625555034458e-02,-6.080090420960941600e-02,-4.781457748052979351e-02,-3.449685762458302996e-02,-5.109640082662325611e-02,-5.170507629360773794e-02,-3.274284943889029659e-02,-6.268122930481540012e-02,-5.086261540820556648e-02,-4.758186293715722937e-02,-4.930852995077555229e-02,-4.870465472997567713e-02,-5.348798382797599615e-02,-5.113657128023690185e-02,-4.310528759851466052e-02,-6.517150539736589476e-02,-4.430842331890149505e-02,-5.802945775357936514e-02,-6.503732555312043140e-02,-5.284340000061785170e-02,-6.541587814306376591e-02,-5.107138892717842660e-02,-5.386582849880165030e-02,-4.741450813514883067e-02,-4.984473631138836014e-02,-4.636758357949838372e-02,-5.911704284950542593e-02,-3.860997658129158849e-02,-5.755054301107392911e-02,-4.855729363462204379e-02,-6.213489018246765722e-02,-6.626638463414935565e-02,-4.408808253286197743e-02,-2.387212937912936220e-02,-2.696294734094504750e-02,-4.269105642022736485e-02,-4.273711035949732256e-02,-7.263653768309284720e-02,-5.014301659593236454e-02,-7.322570689913174280e-02,-3.264721864613333302e-02,-4.050137495753753508e-02,-3.814946933413919383e-02,-2.032770090331471532e-02,-4.905355089615208442e-02,-4.411838339606775905e-02,-5.569589152655892578e-02,-5.456585075393924344e-02,-5.980835760872924012e-02,-4.192972639223102593e-02,-4.463552200806821663e-02,-3.851992803769133111e-02,-3.629158669851493407e-02,-3.436552159245229859e-02,-5.657882190642251480e-02,-4.942209478029123415e-02,-6.092613362774039476e-02,-1.215738782992618720e-02,-4.835521722896174435e-02,-4.968650906290827257e-02
3.628459658676539412e-01,2.184931237122404724e-01,3.674362127353451579e-01,1.324637821660503700e-01,2.618713245918455335e-01,4.770530775581351413e-01,5.782998387605712276e-01,1.000000000000000000e+00,2.355730945638691565e-01,2.655679309208736627e-01,7.888598792802586912e-01,6.823128841796666233e-01,2.490502079084840892e-01,-1.118542488201137303e-02,6.057699563107000751e-01,6.591178518892557014e-02,5.992760892028170527e-01,3.042646885489992403e-01,2.732940710886073710e-01,1.792587056045288896e-01,2.801997888010222537e-01,7.429627534956592116e-01,1.415957492992259426e-01,2.001653609809425638e-01,1.881983820814156494e-01,4.864082450053860418e-01,2.177739234378973932e-02,5.333587119932987619e-01,5.764074010897275446e-01,2.587918719793553812e-01,9.568395632601110756e-02,8.499741923626252804e-02,7.069787353741872893e-02,8.144549473090739733e-02,1.034410608686931882e-01,9.152010741644039937e-02,1.691935538565242092e-01,1.787256542331233100e-01,5.687447062554881749e-02,1.169161494149263958e-01,1.594157480949787986e-01,1.777513325592930682e-01,2.230912363411039975e-02,1.119148378659061138e-01,1.408289944024790352e-01,5.398237277145547658e-02,7.664182111249637219e-02,1.127492943911314049e-01,7.620558796617167563e-02,1.170493646817690331e-01,1.123694442670458982e-01,1.759461364576251907e-01,1.503297959481155466e-01,8.604900706832507851e-02,4.719947661412948747e-02,2.099248311675241396e-01,2.858959771488416707e-02,1.930600947886620955e-01,1.628831811566462395e-01,1.043858652564699230e-01,-5.441088572692284742e-02,-4.541452895135203449e-02,-2.796299793523771698e-02,-1.068772843666287997e-02,-1.877711490177530820e-02,-4.953917790063875476e-02,-2.157051645485842314e-02,-4.603033542881425355e-02,-5.659036868384632879e-02,-3.362663354080791533e-02,4.635859074829262738e-02,-3.031388667511385540e-02,-5.001769919869806375e-02,-9.328719013677875746e-03,-4.020282579210752993e-02,-4.490530415651693835e-02,-5.009235086688465510e-02,-3.174371487990625823e-02,-5.140846157400456168e-02,-1.792625134677615709e-02,-3.889074750067661457e-02,-1.396388610990654741e-02,-2.313379526731608113e-02,-2.470014207491408667e-02,-2.706385316016434589e-02,-3.539744460484219035e-02,-6.545897928048177716e-02,-1.080796355163328275e-02,-5.310952233932196564e-02,-4.184650147190101949e-02,-5.900229502811420168e-02,-3.216248128717915516e-02,-2.681008550629791765e-02,2.580854175888875127e-03,6.142358398713937406e-03,-3.995852440550917012e-02,-4.597226098719718428e-03,-5.680407846107675407e-02,-5.996653623366416525e-02,-4.938786043447716823e-02,6.531766046007353443e-02,-7.682874714498786652e-03,-2.250290955823951167e-02,4.856839386886475061e-03,-3.192058085704412018e-02,-1.176451906711809686e-02,-3.306534877584164228e-02,-3.165930009110075327e-02,-5.867878586876974084e-02,-6.294482920917716766e-03,-4.195071494224302672e-02,-9.321559974113607580e-03,-2.009772948232452922e-02,-1.772285505588941379e-02,-2.541968175644224517e-02,-3.713509052637883195e-02,-6.481637468138208569e-02,6.627774132167185521e-03,-5.696084210603974407e-02,-3.440240437934104917e-02
1.000348391248763735e-01,4.204080474910689147e-01,4.584822824888106635e-02,2.183799835021790203e-01,4.857107563174213327e-01,2.382841639392749566e-01,4.933994844611185038e-02,2.355730945638691565e-01,1.000000000000000000e+00,7.901944304742573866e-02,3.001413638009226559e-01,4.605039589595438243e-01,2.302408532138756070e-01,3.786014811216419917e-01,3.145771270747623749e-01,2.028440329033934786e-01,2.508779948746637789e-01,1.543480547142533910e-01,2.976726686519797771e-01,3.573008370510383780e-01,5.805657308852412157e-01,2.812710208822790103e-01,2.706117430037321414e-01,2.698299557724652686e-01,2.231379680455473635e-01,1.327775272410902374e-01,3.991132806762360263e-01,-2.055533027385046674e-02,9.915184143044798726e-02,1.467811964285496984e-01,1.498596393099582876e-02,-6.523177970178850593e-02,-2.920360230928500944e-02,-7.008991420617340443e-03,-5.991712658685567627e-02,-2.448811085328522416e-02,-3.475295509179546216e-02,-7.909932941520980698e-02,-2.849804442603477705e-02,-3.848374750099075453e-02,-8.479507516560609581e-02,-3.440814813570853420e-02,1.704556381585071306e-02,-7.097117528287790258e-03,-7.148327313823528428e-02,-4.482443124022814779e-02,-5.611457189753671360e-02,5.082935157989847130e-03,3.542863942514593023e-02,-5.112726495299364099e-02,-6.464431712232460159e-02,-4.974564438451708343e-02,-5.426479641839879187e-02,-8.059369996284282411e-02,-6.171012930496593690e-02,-1.423699339621983979e-02,-7.191468660596307683e-02,-6.816654556961639078e-02,-4.011362716806003530e-03,-2.385502859320004845e-02,-1.663032837149746590e-01,-1.737837426069511193e-01,-1.964487807026635280e-01,-1.547596012075541094e-01,-1.415461687664376633e-01,-1.864744902652878678e-01,-1.684316068573150915e-01,-1.705687052008156568e-01,-1.842906351296196010e-01,-1.496666110801280203e-01,-2.183190945236656855e-01,-1.656126720029310606e-01,-1.494369204733115020e-01,-1.475959012187089414e-01,-1.698831978774039686e-01,-1.782486557074318689e-01,-1.771952746672865175e-01,-1.699361756660993650e-01,-1.597897534072305059e-01,-1.498524738716408844e-01,-1.469757958480149007e-01,-1.470566622236806620e-01,-1.466906534397212081e-01,-1.569204713681413010e-01,-1.706985839329415444e-01,-1.420593553534466036e-01,-1.730906644167465314e-01,-1.303207810186196858e-01,-1.780296939631805797e-01,-1.852689531036495751e-01,-1.815041358616756029e-01,-1.909877510166679560e-01,-1.734997374048382335e-01,-1.435552730030721091e-01,-1.618440917895422604e-01,-2.071167947884483829e-01,-1.271392061437167653e-01,-1.608499958829703036e-01,-1.984301714256170024e-01,-1.606141149838409277e-01,-1.310548604831455743e-01,-1.352580646865866598e-01,-1.489669780639886476e-01,-1.459829244816800708e-01,-1.489897897050963538e-01,-1.639165427104780637e-01,-1.555612525565510107e-01,-1.773277249197372507e-01,-1.820140709527188760e-01,-1.388702679619797098e-01,-1.517957360266635747e-01,-1.466831772848512516e-01,-1.567265690695857916e-01,-1.590347261261772227e-01,-1.572986093022915588e-01,-1.646728612808814329e-01,-1.921112348025977024e-01,-1.395191781367814687e-01,-1.952820799117602479e-01,-1.693393682135252709e-01
3.910506976919380095e-01,1.584290049378599130e-01,5.105856064179099540e-01,7.192494899489570992e-01,3.308085283443580327e-01,4.314814559726312115e-01,2.592498900190985389e-01,2.655679309208736627e-01,7.901944304742573866e-02,1.000000000000000000e+00,2.523612480006188208e-01,2.244109521212976632e-01,7.018236173676686285e-01,1.906327016253488507e-02,2.452093960794762273e-01,5.310617484941797528e-01,3.450863048460821592e-01,5.786454766190279875e-01,4.688486921649009931e-01,-1.523637771334027669e-01,1.943571897813708149e-01,4.083447835400624837e-01,1.284376331150053618e-01,7.625132515327814886e-02,2.778588651870382842e-01,2.651428762704564068e-01,1.316927170839214123e-01,4.111154252562775890e-01,2.339449716421521663e-01,6.807043275165312046e-01,1.373422160596163566e-01,8.981572469807995451e-02,1.246088939822700137e-01,2.112140942569719348e-01,1.381465272415621781e-01,1.143181372680125013e-01,1.204380762182361425e-01,5.076227023189033849e-02,6.920767725735381404e-02,1.832020456159411670e-01,5.741536446606510663e-02,9.652541137367322277e-02,2.098975614714038151e-01,1.012680332528354127e-01,6.149417518911938496e-02,2.914639561469948292e-01,7.315295757464446158e-02,2.196847924601862123e-01,1.702950219119455932e-01,5.882546440574052543e-02,5.963953533533890294e-02,1.193867322363066086e-01,1.268090528423660435e-01,6.301380441858092651e-02,5.830920233711237022e-02,1.101469851493572377e-01,1.073021827394701200e-01,7.198870801743262327e-02,1.030776054469127040e-01,2.979507306670263755e-01,-8.831165957854304749e-02,-1.233285129684342923e-01,-6.850367637563145595e-02,-3.083543939380380822e-02,-8.166329202065192305e-02,-1.132385975293153518e-01,-7.103060016013011679e-02,-1.074722204506871198e-01,-7.886379624224656992e-02,-1.030502897545503560e-01,-4.124893676482503657e-02,-7.471935693882895968e-02,-7.454890410894815522e-02,-8.295466984850866088e-02,-9.058637030670783907e-02,-1.018041546399122699e-01,-1.001611774734385285e-01,-7.491975642370349298e-02,-1.216869603888550977e-01,-6.257571999132943708e-02,-1.106401698686121093e-01,-6.672021362897218033e-02,-5.522172340112543182e-02,-7.998485619624884357e-02,-9.379410292625836587e-02,-7.700775838061729717e-02,-9.499976056451138462e-02,-7.831808481595405047e-02,-7.130320752217045310e-02,-7.816799445420782866e-02,-8.527181813879480821e-02,-9.061079960433889025e-02,-8.828123603049968515e-02,-1.793104967503447028e-02,-7.093367230371351584e-02,-1.188616402256743865e-01,-4.736756725972363080e-02,-1.133194530913050752e-01,-1.022256984179477080e-01,-1.103855859500533498e-01,-4.060257311880503123e-02,-3.649540183871657906e-02,-4.090389852735771409e-02,-6.066081704096567412e-02,-7.477152143092834213e-02,-1.028233752824505992e-01,-9.738426350496538764e-02,-1.015205898331400930e-01,-9.934009131608464993e-02,3.606232635971404893e-03,-9.979496580647763404e-02,-1.879105014581462785e-02,-6.094170479626190989e-02,-7.546609747502668053e-02,-9.144432611749837847e-02,-7.763741159530410108e-02,-1.060603663844849609e-01,-4.137761739419196227e-02,-9.243827222028047630e-02,-7.722749070286571982e-02
4.756327910095713984e-01,2.356898013521564750e-01,4.141471630736375809e-01,2.325793856305539142e-01,2.284615363190820037e-01,5.387872356582704692e-01,5.259005777628972256e-01,7.888598792802586912e-01,3.001413638009226559e-01,2.523612480006188208e-01,1.000000000000000000e+00,6.537806019853859008e-01,2.311561166822693192e-01,-6.109373810503557906e-03,6.443171252671083815e-01,8.281391086658486389e-02,6.301313225781479677e-01,3.049550442745517231e-01,4.127845910716047562e-01,1.414378634454236949e-01,3.132896823618903648e-01,7.097335615088607996e-01,1.843587295257579362e-01,1.867234367393032224e-02,1.498166180210076803e-01,5.002881051556392622e-01,1.138969477357095333e-01,5.511099482879764366e-01,6.717665349777574013e-01,3.292966145190843741e-01,-6.385170555368026649e-03,-3.063393900709007397e-02,1.133392231700982092e-02,-2.516327578122436875e-02,1.501602277289667588e-02,2.277383594311800305e-02,5.069399426899064143e-02,5.408567522731488886e-02,-3.523509444822046921e-02,1.491919920518090630e-02,4.877152308345686360e-02,8.620016635785178460e-02,-4.517857331691715883e-02,2.305747108150847657e-02,2.062076748858157615e-02,-1.647927848070777218e-02,2.029911998402482431e-02,-1.450768963596341977e-02,2.673205793635979530e-03,-3.503903071117666496e-02,-2.345226935567632648e-02,6.504412786575761163e-02,2.788427769460698549e-02,-2.617728969584206047e-02,-3.098619675189358269e-02,9.431349223943702453e-02,1.499906738138110339e-02,7.480230565197031056e-02,4.500444088458744468e-02,1.041191636774863212e-02,-9.422347992445090359e-02,-1.063721107597104809e-01,-6.893381104157449146e-02,-3.786502221282554703e-02,-7.512849818618802522e-02,-9.289431228188191336e-02,-5.604178173491658477e-02,-1.084900777120077903e-01,-9.350976552410129872e-02,-9.470662581298210092e-02,-3.232453182777839107e-02,-7.437458425777951354e-02,-1.103025418265333873e-01,-6.677014457075951259e-02,-7.940031247501398715e-02,-9.022750073431123896e-02,-9.375057827999375148e-02,-7.542488477363103183e-02,-1.087302799281891358e-01,-7.395067721458642440e-02,-1.009886952583687880e-01,-5.782161390439138904e-02,-5.852144833535589952e-02,-6.490975810652258038e-02,-8.201923442549499677e-02,-8.164356529605508450e-02,-1.041782339040613903e-01,-7.168605089756524551e-02,-9.216601816015390636e-02,-9.468248264437892359e-02,-9.423486462251152995e-02,-9.553952935893028631e-02,-9.433040205458745331e-02,-3.316799903684760492e-02,-6.308388029008059339e-02,-1.071625243712535924e-01,-6.290170961178756515e-02,-1.131178669148465571e-01,-1.021257891791551714e-01,-1.183986632972301861e-01,-4.819348325979714784e-03,-4.962447636079958535e-02,-9.822619296139689649e-02,-4.348546574612466298e-02,-8.442608440246340828e-02,-8.074850506836907249e-02,-8.594640861293642575e-02,-9.244305306122187205e-02,-1.142852654360233533e-01,-4.748176331298311487e-02,-1.134520106144674412e-01,-4.951052275580879181e-02,-5.901955444471729956e-02,-7.162298186343162010e-02,-9.578555408754779732e-02,-7.841324353372935985e-02,-1.122578345945392797e-01,-4.580459385767365887e-02,-1.062369240467431059e-01,-1.033429853196202175e-01
2.445087018371402410e-01,2.977251170101217204e-01,2.745103115175318020e-01,2.265238615551907753e-01,3.841526021576524008e-01,5.292352699076535716e-01,5.092135660117345086e-01,6.823128841796666233e-01,4.605039589595438243e-01,2.244109521212976632e-01,6.537806019853859008e-01,1.000000000000000000e+00,2.304599445487389708e-01,-8.681277951054236497e-02,6.603569952381279640e-01,1.380546048279935600e-01,6.143041452993486251e-01,1.811606667206099586e-01,3.640154694925987200e-01,1.628172374652282484e-01,3.107617855843118337e-01,7.002351079191226901e-01,1.216471033031050336e-01,1.316986142507251267e-01,1.670978995193637129e-01,3.357037473113572146e-01,2.060706015361593868e-01,2.688401690706077596e-01,3.896577128784655120e-01,2.347827760692782484e-01,8.600271883080178037e-02,2.316984208815840718e-02,6.394390322294823958e-02,5.370166501440546553e-02,1.463274986582933923e-02,8.245027715736802376e-02,4.679687198984348873e-02,1.539775008432785371e-02,-8.829644394978065219e-03,8.210107884310974269e-02,3.493513158084379788e-02,6.757209510415271292e-02,5.510684444554162648e-02,5.501906412730266788e-02,-1.237309399516163880e-03,-9.514100730177292922e-03,6.485530213247892029e-02,4.198569268780501934e-02,9.438714035498860233e-02,5.719366981964017944e-03,-1.514153224939931465e-02,1.221391795287773280e-01,7.826014886592223829e-02,-4.523070685791483886e-02,2.149265494005311514e-02,1.121129244277959541e-01,3.540758259983716599e-02,4.864336187181100141e-02,1.013475422511648100e-01,7.081852285488357546e-02,-1.469986075837395878e-01,-1.402527859055607840e-01,-1.328322512155885593e-01,-9.410376453979203693e-02,-1.089324490428090486e-01,-1.565025917727506100e-01,-1.051183906057524542e-01,-1.435210104120843710e-01,-1.443003940481355774e-01,-1.233426890018951422e-01,-8.194764731864334628e-02,-1.174569187587219260e-01,-1.439192654088153056e-01,-8.190282671912083035e-02,-1.219540104329293606e-01,-1.401989947836156936e-01,-1.431047869759680957e-01,-1.479250043966573724e-01,-1.385052669032053319e-01,-9.355247151634385472e-02,-1.284799875522371904e-01,-9.712779573713588299e-02,-1.038297744499223629e-01,-1.122526611622559761e-01,-1.242858946893956318e-01,-1.098576272301845930e-01,-1.637703666886842491e-01,-9.933792140207980959e-02,-1.579057368296572506e-01,-1.401182554452123086e-01,-1.493723939594222838e-01,-1.290126199146330033e-01,-1.197781419257945568e-01,-8.030136656323894062e-02,-9.351966201232028708e-02,-1.505455142518772049e-01,-8.767304907688548699e-02,-1.327070344792005419e-01,-1.398727441023129570e-01,-1.227697711991533880e-01,-4.544943883362544124e-02,-9.172863638623411642e-02,-1.164664311941061292e-01,-6.863547374237219389e-02,-1.101453788065191591e-01,-1.054558669033774931e-01,-1.168250827817046839e-01,-1.180369551921075094e-01,-1.457944987112343993e-01,-7.401132982069817678e-02,-1.241439231477562272e-01,-9.106892619412206014e-02,-1.002641267370625727e-01,-1.079888849815726776e-01,-1.057127283850418376e-01,-1.216406625188544699e-01,-1.531128520101473489e-01,-9.222007344803521967e-02,-1.531651071995158986e-01,-1.214071621096130121e-01
3.520852953129369745e-01,6.040381018331573981e-02,3.536979405331676651e-01,7.006071258972402793e-01,3.205717136358848807e-01,2.318911195378793311e-01,2.721646950600709047e-01,2.490502079084840892e-01,2.302408532138756070e-01,7.018236173676686285e-01,2.311561166822693192e-01,2.304599445487389708e-01,1.000000000000000000e+00,1.132800685415089464e-01,2.151477507552485013e-01,5.798381224754348695e-01,1.402139169251133410e-01,7.036938482040108189e-01,4.734837826751204792e-01,2.002453825229243492e-02,1.682667260917443119e-01,2.585230628886865389e-01,8.885745221189010612e-02,1.033252906773336616e-01,1.328580144459312329e-01,2.165807311193354012e-01,9.699164045284570934e-02,1.751784293902674261e-01,1.532632069098684435e-01,6.875954246693188887e-01,1.208787452537279095e-01,8.415856457165940552e-02,7.596344075018439390e-02,2.667850353140710506e-01,8.743972837697608358e-02,5.019788781597513128e-02,7.570002769673558896e-02,4.708713859790530920e-02,8.336340274362891156e-02,1.940337505243452665e-01,1.388313288469621327e-02,6.438641205729213335e-02,2.957054416482347570e-01,1.292512286420809398e-01,3.053897593210741154e-02,3.923384367008838636e-01,3.871714268367546646e-02,2.841965581247742900e-01,1.663055115891378666e-01,6.920919152568569266e-02,7.569599922911458834e-02,9.046323393426544679e-02,6.685544479316465893e-02,2.523070290934882609e-02,6.637343455806077319e-02,1.283512521900850023e-01,1.069254063136427513e-01,4.994413363539889489e-02,6.210914966924654251e-02,3.825537118866192965e-01,-7.930103677726121902e-02,-8.141763068034546524e-02,-1.446156727477783226e-02,-2.555441405067604421e-02,-6.365565153012620048e-02,-7.454630247555160683e-02,-4.808268407626065111e-02,-6.850771337459610200e-02,-5.586075765478321770e-02,-4.932925451315050419e-02,-5.207259404885689752e-02,-6.114926679342051752e-02,-4.620300194957108197e-02,-7.368893088349813547e-02,-6.305363316478958258e-02,-9.640321420970895949e-02,-4.537275729290548426e-02,-7.292720521326452598e-02,-7.605549116712548297e-02,-5.061748108591062473e-02,-7.600399562288852329e-02,-4.592125321886376954e-02,-2.589927532708382815e-02,-5.322502789195566325e-02,-7.570196265727892337e-02,-6.106758187687207073e-02,-5.148264033703844195e-02,-2.754434633849027828e-02,-5.209523209884429212e-02,-4.283770135684158292e-02,-8.252782712020087508e-02,-8.659404683125435098e-02,-4.536827990847625003e-02,-1.904944352060210580e-02,-5.250827891723762464e-02,-1.041998030225696620e-01,-2.704522382897837918e-02,-7.850527368224505254e-02,-6.278903257592942377e-02,-8.978524004877244669e-02,-2.955291869116286052e-02,-2.751523996672569639e-02,-2.941095465937246592e-02,-4.493719017224198642e-02,-4.977203816216765192e-02,-8.340427377461405445e-02,-3.784652565646329236e-02,-6.867322234953972260e-02,-8.113004339024523781e-02,-9.471919172653277610e-03,-7.342215126741988285e-02,-2.303976322783683056e-02,-3.294057150437501580e-02,-5.533337929527364085e-02,-5.259109804469538907e-02,-6.451088737640313375e-02,-6.350928447035167346e-02,-5.139155130569355440e-02,-6.546354577463471547e-02,-4.030369107879318291e-02
