1.000000000000000000e+00,8.519790152869080035e-01,9.650864784314716616e-01,9.036134736143628388e-01,8.611316706538812982e-01,9.937398931925450762e-01,9.205102191387553034e-01,9.331000390810552103e-01,8.507583649934742365e-01,9.606189968159638548e-01,9.412699798709868171e-01,9.714774501030138953e-01,9.206764583260683699e-01,8.238613796155382918e-01,9.450378344905201455e-01,5.947564071135824637e-01,9.650249136326303212e-01,8.905673621007061946e-01,9.737835608499612050e-01,7.984076160419439905e-01,8.520033993436222364e-01,9.547534468028407995e-01,8.025034212862394156e-01,7.515211965406263239e-01,8.856250259181400741e-01,9.631122979535514661e-01,8.252820483529044182e-01,8.588325545085402357e-01,9.064896004986481293e-01,7.708616839450617153e-01,9.325977595583404556e-01,8.385874174290584016e-01,9.450650077782152270e-01,7.572877048908659425e-01,8.179174957670971580e-01,9.394980406741352263e-01,8.416558560825555535e-01,8.082624984113118138e-01,8.045665627315319313e-01,8.925311286627872764e-01,8.253463697332830140e-01,9.155578622259927801e-01,8.233739330964612302e-01,7.960023727694532925e-01,8.595628520367292191e-01,2.451244037721956315e-01,9.056816520692533290e-01,7.202061309685720003e-01,9.255408537381446532e-01,7.144194199648841170e-01,8.150769693835107077e-01,8.054337227463711502e-01,7.813556207758324268e-01,6.540146803328551472e-01,8.804624474060519512e-01,8.221178523654840697e-01,8.858955475719436645e-01,7.031992840780997289e-01,7.610858570939147416e-01,5.844651794859184735e-01,-6.864944013512561671e-01,-7.260704871868209898e-01,-7.613504544937632623e-01,-7.005448958157809436e-01,-6.925008497890926540e-01,-7.475612948584325901e-01,-6.833858158241107317e-01,-7.166006300230979287e-01,-7.643043939840400425e-01,-6.763503388307644526e-01,-7.196015996090909805e-01,-7.282763113730047477e-01,-8.164384092332067633e-01,-7.020247042300460372e-01,-7.121408501135262359e-01,-7.599265029131752058e-01,-7.532351471572711343e-01,-7.780689293120494066e-01,-7.311312627290134092e-01,-5.908481601331266875e-01,-7.520400109566386382e-01,-6.812409037373896581e-01,-6.813215493374141785e-01,-7.196029395248694227e-01,-8.131151974531236615e-01,-6.501516617845739532e-01,-7.656574073895877630e-01,-6.644884490647385844e-01,-7.109411692815624795e-01,-7.804120262173210865e-01,-6.655818706241558580e-01,-7.281586300306469584e-01,-7.520539342808348904e-01,-6.913775498946810316e-01,-6.795265290857305240e-01,-7.059053258264729180e-01,-6.630058097744733203e-01,-7.271229365946062506e-01,-7.332122042821240804e-01,-6.224023501351275689e-01,-7.253999515313156454e-01,-7.427887478647271502e-01,-8.055695432466231098e-01,-6.838833806554261985e-01,-7.062812714340769293e-01,-7.241217992117879865e-01,-7.208692249236525740e-01,-7.096544713328292175e-01,-7.458890949835887962e-01,-6.185920816149641510e-01,-6.804975987464491061e-01,-6.887555704219644470e-01,-6.684424119519932761e-01,-6.839403239536342438e-01,-7.778512965083288488e-01,-6.488155016517473950e-01,-7.597179922081791492e-01,-6.566908820074883746e-01,-6.654407115114731042e-01,-7.315943021683445346e-01
8.519790152869080035e-01,1.000000000000000000e+00,7.713182893567087639e-01,9.159318805839284927e-01,9.787936506140897386e-01,8.354595471150759733e-01,7.247218243860342746e-01,7.254151430069603057e-01,9.902812179784250546e-01,8.587378152235853879e-01,7.091745096858315112e-01,7.935596295776901066e-01,8.373020127335564222e-01,9.869676262194001515e-01,8.204194024945842267e-01,8.086785804119930310e-01,8.105722562195710745e-01,7.878172649114741910e-01,8.350138327471749999e-01,9.846227815492618607e-01,9.706346810331316632e-01,7.394682468856904611e-01,9.903066876763659820e-01,9.778964571600076150e-01,9.736510268012973368e-01,7.874980767043976426e-01,9.371441540058474962e-01,6.392481445182581767e-01,6.846269853617291679e-01,8.470686444903929857e-01,7.631497304475508558e-01,9.259030319996446323e-01,7.671782436272555072e-01,7.757540660766395479e-01,8.878569198519201677e-01,7.705383783835572098e-01,6.599356216328575719e-01,5.750382873216581814e-01,9.239196667175098021e-01,7.514397243263728488e-01,5.714172019279328829e-01,7.092525339586103206e-01,7.573722947569744290e-01,9.084738946109270907e-01,7.171257973978343303e-01,4.605815645343426246e-01,7.657667844119684375e-01,6.051302420004890381e-01,7.957429995249154508e-01,8.869090401854617944e-01,8.584434047277291757e-01,5.291350092201450028e-01,9.037802717782772444e-01,8.640117831071455479e-01,8.907358839862160593e-01,5.913680300416581659e-01,8.862328649901828337e-01,4.857242732381208961e-01,5.312257874221505416e-01,6.928133285169293387e-01,-7.524857441733989738e-01,-7.271171870441290874e-01,-7.917398035679521495e-01,-7.544661236645643365e-01,-7.196554511611921168e-01,-7.635510098664033407e-01,-7.003150376063841387e-01,-7.847663054387459258e-01,-8.007652017101852815e-01,-6.657909281509803989e-01,-7.602256736001266058e-01,-7.945791638226166187e-01,-8.493403920364644977e-01,-7.067184096804152160e-01,-7.238624542476707058e-01,-7.925812978465661685e-01,-7.541714640901376887e-01,-7.940461269721801330e-01,-7.857535095258411095e-01,-6.587338465594843040e-01,-7.551249911714338348e-01,-7.447808212474151812e-01,-7.012421522314313815e-01,-7.254580352307571367e-01,-8.194172645120084697e-01,-7.124342830764653911e-01,-8.090396421927064097e-01,-7.143977761421322903e-01,-7.686409014152145724e-01,-7.901897468855275664e-01,-7.256375549898357313e-01,-7.097362178131052524e-01,-7.620556971635665811e-01,-7.372126025932138615e-01,-7.070023652791428415e-01,-7.261935378836829047e-01,-6.848841704081888304e-01,-7.567485320757746381e-01,-7.702984547406482863e-01,-5.932426164763034970e-01,-7.435901279024249577e-01,-7.867275377588992535e-01,-7.925164178134180837e-01,-6.882305302193627572e-01,-6.953356152538855417e-01,-7.724399237931015572e-01,-7.053937143914200680e-01,-7.486143618750074058e-01,-7.699249706108838298e-01,-6.626410118083033707e-01,-6.710932467451188321e-01,-7.166393461684036348e-01,-6.932982825713972508e-01,-7.115939677483543724e-01,-7.688035476057875073e-01,-7.183315887398475930e-01,-7.819096891669440330e-01,-7.180757942290256768e-01,-7.098116184973581877e-01,-7.435595525527884941e-01
9.650864784314716616e-01,7.713182893567087639e-01,1.000000000000000000e+00,8.876028164290696854e-01,7.657224575779264519e-01,9.716463737792760957e-01,8.387158490720378889e-01,8.706366298604301113e-01,7.665303748638452319e-01,9.540276595787900993e-01,8.764496488891353465e-01,9.105402351235569736e-01,9.250949071900572696e-01,7.395701514836735546e-01,8.618205748463778626e-01,5.034577828372128749e-01,8.961982953900863302e-01,8.197095594064114366e-01,9.859407159372934881e-01,7.028766156554882016e-01,7.556859727953272321e-01,8.967616666356530430e-01,7.125217965177371715e-01,6.568285869218130069e-01,8.347783978507062885e-01,8.923039872879175993e-01,7.925830600520528124e-01,7.805984804599110927e-01,8.431937717989377301e-01,7.079819115104160065e-01,8.840540247466798229e-01,7.529068231791308241e-01,9.611264770437880633e-01,7.260381980779138100e-01,7.249921074512727381e-01,9.131480000099395644e-01,7.471961635761636966e-01,7.324910218997267020e-01,7.157037820780461912e-01,8.679392060570825240e-01,7.469200200796289879e-01,8.460009900016048912e-01,8.358273288664586076e-01,7.024737703787836685e-01,7.610385806508305206e-01,1.880706507007501305e-01,8.212221626566776900e-01,6.540175257758706895e-01,9.274923291155704463e-01,6.221365146346027331e-01,7.227784810370021518e-01,7.410334647656101614e-01,6.853812904899577729e-01,5.478147719508456026e-01,8.204251144512317850e-01,7.372863915679646052e-01,8.298488843819776806e-01,6.130763665490659431e-01,6.947947340949967021e-01,5.252743338939970252e-01,-5.980450894424234054e-01,-7.208756207226191259e-01,-7.188474469406939127e-01,-6.577383084350039155e-01,-6.675504869453828816e-01,-7.281280254251504269e-01,-6.628087235564315005e-01,-6.455727064991401143e-01,-6.891285132929835244e-01,-6.862996812384634104e-01,-6.805582809343017070e-01,-6.769709365528329137e-01,-7.395375768718096543e-01,-6.863920374780346778e-01,-6.893395214008160021e-01,-7.135742263362329085e-01,-7.146076350522831966e-01,-7.087871825192207931e-01,-6.999844235773446943e-01,-5.705756526571087450e-01,-7.431520986269966045e-01,-6.413057201856369183e-01,-6.372349429541397381e-01,-6.876484969699071526e-01,-7.582643379418337881e-01,-6.078756031256538073e-01,-6.801295708864241174e-01,-6.525042109911828314e-01,-6.120451360015122244e-01,-7.404408122077804633e-01,-5.772024577670863410e-01,-7.293118116346802848e-01,-7.183992825156344519e-01,-6.493446829528781716e-01,-6.699029848368196483e-01,-6.910882409959506756e-01,-6.487519445326652701e-01,-6.526373404020445745e-01,-6.599754149877014031e-01,-6.442795933221275861e-01,-7.062428176202490970e-01,-6.997524345067056561e-01,-7.514119859148984393e-01,-6.746836914606212376e-01,-6.840652476768805945e-01,-6.841283785365871450e-01,-6.923285476745507649e-01,-6.424570247060880090e-01,-7.099469581209859603e-01,-6.077895294508026680e-01,-6.889921153773601592e-01,-6.528476259940242388e-01,-6.211651183516481156e-01,-6.593052056233136282e-01,-7.458739561712686150e-01,-6.086052988947980857e-01,-6.777133798833445688e-01,-6.383856477614069380e-01,-5.690692008447898464e-01,-7.061267734814543617e-01
9.036134736143628388e-01,9.159318805839284927e-01,8.876028164290696854e-01,1.000000000000000000e+00,8.903665711450255982e-01,8.936298781122384849e-01,7.566829029665876893e-01,7.879190632630279634e-01,8.975100024233219065e-01,9.630002512158349903e-01,7.641710345061393239e-01,8.267917255172054780e-01,9.742603197470603993e-01,8.886473303881311514e-01,8.144691749725010421e-01,7.864397277854874302e-01,8.284118067205412661e-01,8.666175379088014719e-01,9.394005627839198125e-01,8.685272563322140593e-01,8.690229819314073678e-01,7.820319542658965561e-01,8.812169243049134959e-01,8.490533432609657094e-01,9.212264417113597004e-01,8.197018232476137589e-01,9.207744546529250673e-01,6.702929408629838548e-01,7.556373255956843060e-01,8.913519013316093531e-01,8.402138453768797088e-01,8.735573859021360521e-01,8.692497906934204543e-01,8.941340969274507167e-01,8.729316850781253523e-01,8.518212053838131181e-01,6.869014197474530015e-01,6.595201016549907536e-01,8.852664784259769437e-01,8.716405639520354853e-01,6.431045621432993631e-01,7.546846493342366236e-01,9.186950250576700894e-01,8.647219527720283461e-01,7.343270063921073509e-01,5.184571255919244726e-01,7.824768866560841696e-01,7.519021493854890492e-01,9.069751459976664876e-01,8.290147953478532727e-01,8.234965950654490330e-01,6.284153165800903107e-01,8.402082314146852582e-01,7.728982926511585028e-01,8.669344619888668113e-01,6.607931925103490700e-01,8.961097550972429993e-01,5.166969868076465300e-01,6.332585570923660034e-01,7.528544235462132361e-01,-6.832375062785955855e-01,-7.449975451001286109e-01,-7.565426998617622578e-01,-7.282206535951403215e-01,-7.422872260072702622e-01,-7.819991446022933612e-01,-7.234343618992462588e-01,-7.223702542966601303e-01,-7.479192897971292942e-01,-7.339175338439022367e-01,-7.303532098992993049e-01,-7.257933710412349804e-01,-7.667353210824334742e-01,-7.506257469992295706e-01,-7.417408307431502257e-01,-7.663765092156472614e-01,-7.295882152029314893e-01,-7.652503061682972563e-01,-7.317370281401424092e-01,-6.579495647299606897e-01,-7.810095151049855078e-01,-7.101141902104102233e-01,-6.920584089114263371e-01,-7.495798012856393910e-01,-8.139045130561833874e-01,-6.950262202623881391e-01,-7.553853289189853548e-01,-7.173520830705973905e-01,-6.800349774516268875e-01,-7.872521520004559514e-01,-6.509119551810068627e-01,-7.447275965584027047e-01,-7.369580177870367343e-01,-7.117194674285090006e-01,-7.122295372622918785e-01,-7.420108891864443112e-01,-7.005278805646703022e-01,-6.540431811236280257e-01,-7.106453994505518290e-01,-6.822825665418418284e-01,-7.378302860200425251e-01,-7.268625529801124863e-01,-7.379113120642779577e-01,-7.309224669328665547e-01,-7.074076690189146088e-01,-7.428052773342062043e-01,-6.762026567101946384e-01,-6.880439242652529597e-01,-7.258273963041015353e-01,-6.835480273156462339e-01,-7.115138570443721999e-01,-6.934424173349063025e-01,-6.779750727925694109e-01,-7.285409968212479548e-01,-7.709806827665999229e-01,-7.043712742923881054e-01,-7.223530003030890212e-01,-7.172723696033455054e-01,-6.139625173522628154e-01,-7.328913326419287388e-01
8.611316706538812982e-01,9.787936506140897386e-01,7.657224575779264519e-01,8.903665711450255982e-01,1.000000000000000000e+00,8.410901958351835184e-01,7.570722884340819192e-01,7.601745040206431270e-01,9.802242008567485509e-01,8.566717430058914395e-01,7.520957303920902115e-01,8.178956797214987917e-01,8.147799852067719728e-01,9.790491517331241234e-01,8.458840828265014045e-01,7.749385733072108318e-01,8.257293600325098515e-01,8.113216963692699846e-01,8.286456574357208282e-01,9.687078038393791557e-01,9.797634225882043690e-01,7.856814430217260448e-01,9.761108735556528471e-01,9.578294989001974180e-01,9.685494473754463485e-01,8.228377371848236699e-01,9.180747905112753848e-01,6.835813786823146110e-01,7.180415875896944966e-01,8.322364176379321021e-01,7.773882368408654431e-01,9.124049680635184512e-01,7.641737265485980535e-01,7.515917868590814566e-01,8.988107373380895826e-01,7.786090764299874456e-01,6.965931939668787987e-01,6.179186425196024901e-01,9.067921355111797643e-01,7.555657132855091440e-01,6.207291808040826808e-01,7.431352849659816906e-01,7.228086384156245936e-01,9.006703713954241630e-01,7.461175588255587465e-01,4.039552677956654292e-01,7.874874309988038057e-01,6.134511833691024263e-01,7.948218604662753428e-01,8.596704265762553643e-01,8.738686338445253998e-01,5.750170001505698902e-01,8.952632452550776110e-01,8.385636728976335608e-01,8.886614786698375790e-01,6.350544737230462422e-01,8.770753099162835742e-01,5.362422744269842445e-01,5.632179495352745979e-01,6.750136609843468971e-01,-7.759679070529703626e-01,-7.403772696398561726e-01,-8.058996457362314070e-01,-7.480563116870887486e-01,-7.312544026288918531e-01,-7.725152541213829993e-01,-6.962753391540422720e-01,-7.910012645727955150e-01,-8.197043065473292867e-01,-6.844093587893307351e-01,-7.596925770191710336e-01,-7.752212092013781586e-01,-8.533525555839950316e-01,-7.251678222686672726e-01,-7.182880125239318181e-01,-8.121289285150369297e-01,-7.634856012535958802e-01,-8.160335055820094885e-01,-7.626968392629108751e-01,-6.507448371599903192e-01,-7.655399073237495466e-01,-7.387702818172239283e-01,-6.917425315199781100e-01,-7.295431695379291925e-01,-8.453418694699699198e-01,-7.215473092099217167e-01,-8.238278026859559011e-01,-7.083817192638734994e-01,-7.871394497377525168e-01,-8.048201110860205842e-01,-7.503365137398299023e-01,-7.226005376482707021e-01,-7.869575758229961915e-01,-7.392384254586252812e-01,-7.243994503700339482e-01,-7.402422206769762036e-01,-6.829090910293478256e-01,-7.862335221008874830e-01,-7.935124180644334002e-01,-6.135832022390804719e-01,-7.485674803216910700e-01,-7.741451261505023496e-01,-8.042681035175585080e-01,-7.071532723028681744e-01,-7.028159100072497445e-01,-7.840136550334115828e-01,-7.284089976309821024e-01,-7.760451146592309835e-01,-7.557402349017551257e-01,-6.609757533043323363e-01,-6.834965359796930651e-01,-7.211378064494020634e-01,-6.862047143073469746e-01,-7.128364024639773922e-01,-7.979146971424714296e-01,-7.268851212507682069e-01,-8.045050816028289642e-01,-7.172369190729872557e-01,-7.383079253613191728e-01,-7.619726502844508254e-01
9.937398931925450762e-01,8.354595471150759733e-01,9.716463737792760957e-01,8.936298781122384849e-01,8.410901958351835184e-01,1.000000000000000000e+00,9.104622538121110997e-01,9.247707760590494486e-01,8.346066263263079987e-01,9.542801859997624980e-01,9.301071980115852567e-01,9.670242109650712958e-01,9.142327564369869819e-01,8.027624089505321914e-01,9.345647205607063857e-01,5.889283225754030626e-01,9.615821100568205937e-01,8.805637144339146793e-01,9.745342100931111418e-01,7.800881385012771174e-01,8.363079938600453955e-01,9.449773811714706762e-01,7.840459206126620950e-01,7.372985713064122981e-01,8.679373155146115071e-01,9.523495627568611122e-01,8.049754848955033015e-01,8.497355653808925657e-01,9.070414873964293134e-01,7.602843680890843947e-01,9.314149848884738514e-01,8.272834923999760059e-01,9.585860813389079915e-01,7.531973656315339438e-01,8.039830336886324424e-01,9.476953969621803031e-01,8.292552819114819007e-01,7.952713813240538387e-01,7.943246248957738231e-01,8.937922473663837408e-01,8.191386313917252693e-01,9.109413937401241723e-01,8.201369132143517815e-01,7.878597240822268200e-01,8.491813998351260828e-01,2.487938023572433266e-01,8.967256201291528006e-01,7.076410985841320445e-01,9.337583154947203257e-01,7.009780264369147584e-01,8.091363059959534310e-01,8.028020782326039662e-01,7.717211858162982274e-01,6.436077930450293527e-01,8.829466604696789567e-01,8.089024214869502405e-01,8.776903703866856254e-01,6.897092641433998361e-01,7.627544815801983180e-01,5.802229967017782375e-01,-6.588702694763262091e-01,-7.217384575870773311e-01,-7.468608937154622707e-01,-6.944076083552195300e-01,-6.870655030463164170e-01,-7.466344735869488991e-01,-6.853003303175423389e-01,-6.968573006693173921e-01,-7.505951904982739453e-01,-6.742461463618445450e-01,-7.176010527309581999e-01,-7.240354750402407946e-01,-8.070617175339024341e-01,-6.957305071339755509e-01,-7.125071529025667205e-01,-7.445510716496493986e-01,-7.501840947826672323e-01,-7.530621142106994625e-01,-7.342996233062238920e-01,-5.854927189755276817e-01,-7.505235172871589366e-01,-6.715307467714689560e-01,-6.728324531286004051e-01,-7.141687598685524385e-01,-8.049701614468873778e-01,-6.400335695329297803e-01,-7.442083954403571067e-01,-6.607708831027341301e-01,-6.890702228927757522e-01,-7.714075121477351749e-01,-6.345976230884869951e-01,-7.219538866590980986e-01,-7.350578277355159784e-01,-6.800468211813238684e-01,-6.725688605358881578e-01,-6.991523973575511919e-01,-6.577786587634690818e-01,-7.013547739693671845e-01,-7.159934667513789819e-01,-6.161032383257182277e-01,-7.164980856046713198e-01,-7.331245590618390429e-01,-7.920153075961947620e-01,-6.743127374057267254e-01,-6.997476337778946176e-01,-7.037227092959171815e-01,-7.115169037496639204e-01,-6.824332807154144254e-01,-7.424849172670956454e-01,-6.065384516695463413e-01,-6.759562227972620851e-01,-6.732038975568066519e-01,-6.585480177017819514e-01,-6.759221957469510045e-01,-7.656731360787257801e-01,-6.333522828174789066e-01,-7.382646000212669257e-01,-6.469180009388727504e-01,-6.422214312249744372e-01,-7.209749774639343523e-01
9.205102191387553034e-01,7.247218243860342746e-01,8.387158490720378889e-01,7.566829029665876893e-01,7.570722884340819192e-01,9.104622538121110997e-01,1.000000000000000000e+00,9.800006816218005401e-01,7.438518601834659405e-01,8.457909696104382036e-01,9.746601517714552632e-01,9.735048656183369342e-01,7.988772848930112414e-01,7.064343499394361015e-01,9.793828008790838036e-01,5.262531891007540263e-01,9.705733575351407350e-01,9.025509934396140910e-01,8.400278174443843726e-01,6.862828685025041953e-01,7.473186995631230234e-01,9.631751306240745603e-01,6.698212292813523483e-01,6.248845591660423526e-01,7.293718727059907980e-01,9.746220589077444485e-01,6.574753816347516100e-01,9.731223877490134955e-01,9.224980910786285682e-01,6.466240036927218826e-01,9.095171981148493234e-01,7.492172824053486835e-01,8.526874125775543156e-01,6.593054056133990093e-01,7.465840909396493918e-01,8.905919573174986281e-01,9.645484962676210694e-01,9.226620677655372749e-01,7.179088304684264621e-01,8.309602437489410631e-01,9.257555445059116872e-01,9.636643736797420035e-01,7.021609307801718325e-01,7.224289034220983119e-01,9.523798422281182230e-01,1.806141941748240221e-01,9.516067317518627222e-01,7.635842933107841457e-01,8.148986956614107102e-01,6.021224512863460054e-01,7.496072157712756479e-01,9.063866471513503109e-01,6.879598042084862364e-01,5.667648681556327617e-01,7.735556525333420197e-01,9.174782415188607043e-01,7.992362225802935871e-01,8.799409405261396921e-01,8.200240133737339843e-01,4.861684285370500569e-01,-6.793180075419974484e-01,-5.870093915989993416e-01,-6.651895803441182364e-01,-6.390418627394547357e-01,-5.845877361869976641e-01,-6.498710023092468813e-01,-6.143239474749588869e-01,-6.478195500247645455e-01,-7.177897915693308706e-01,-5.660840260943333924e-01,-6.516114663006055130e-01,-6.470927473094671978e-01,-7.474396449097123751e-01,-6.106762012327187072e-01,-6.370321703922543488e-01,-6.883606416824177288e-01,-6.963256513277468196e-01,-7.446223497487024501e-01,-6.339365421344315132e-01,-5.076006924884911564e-01,-6.499982311303065252e-01,-6.201326871525122408e-01,-6.551979783378918398e-01,-6.653895835367102940e-01,-7.374298074791443280e-01,-6.068599643227922114e-01,-7.219452451523983294e-01,-5.787857945427578032e-01,-6.975009945133705536e-01,-6.988982972861481624e-01,-6.654517741911890605e-01,-5.908885440528489630e-01,-6.467269701806722670e-01,-6.326813716975769886e-01,-5.513841358427011841e-01,-5.924222808213697178e-01,-5.906321885031337038e-01,-6.507782261012394764e-01,-7.027746910565421112e-01,-5.094451648141266054e-01,-6.379090163755817278e-01,-6.478092271016263615e-01,-7.109331864216389407e-01,-5.919352586061288335e-01,-6.506340911595034360e-01,-6.407949949088246333e-01,-6.511698294585476221e-01,-6.644603731458594842e-01,-6.698394210967524298e-01,-5.218645903686515153e-01,-5.593495557283438835e-01,-6.345382040518225963e-01,-6.456549302330599760e-01,-6.111434938849102938e-01,-6.908552505569299784e-01,-5.872160534843846591e-01,-7.382325223933390301e-01,-5.681807085706721550e-01,-6.702208816517655210e-01,-6.375760546436332055e-01
9.331000390810552103e-01,7.254151430069603057e-01,8.706366298604301113e-01,7.879190632630279634e-01,7.601745040206431270e-01,9.247707760590494486e-01,9.800006816218005401e-01,1.000000000000000000e+00,7.427519276873276732e-01,8.877092350227467898e-01,9.798823554587284823e-01,9.723865124585684416e-01,8.356406450850067946e-01,7.005683954161482374e-01,9.723289813137191429e-01,5.423732257028539561e-01,9.611093436259301459e-01,9.368856346414290437e-01,8.737495561799906163e-01,6.869299265954510458e-01,7.559069988800453110e-01,9.711559767670308041e-01,6.739768492772986175e-01,6.238722785859283082e-01,7.403699417704587837e-01,9.837730405702822534e-01,6.590706844628174688e-01,9.639543188636510163e-01,9.481031021399531911e-01,6.968578125665763068e-01,9.438417809216107512e-01,7.718731593487284659e-01,8.911106387842971932e-01,7.195804508751032502e-01,7.838827676135290412e-01,9.209587514673680531e-01,9.537267917176112109e-01,9.459247886678646688e-01,7.428497823750943585e-01,8.901444965041177548e-01,9.453633569098658374e-01,9.731841619522509923e-01,7.534920326264639145e-01,7.489185842029516538e-01,9.513675839358705089e-01,2.075277337648470666e-01,9.537763615681681406e-01,8.040645735694248453e-01,8.673305232152889177e-01,6.360468411350075346e-01,7.898254077543774843e-01,9.323341440393169144e-01,7.231495911085806805e-01,5.914160009602290602e-01,8.161377422536524318e-01,9.416222577412588501e-01,8.360837367141763510e-01,8.687017272038939364e-01,8.639115614205820082e-01,5.509419478482452392e-01,-6.648372475107912072e-01,-6.063250649009158666e-01,-6.715652335871321599e-01,-6.221523040382556102e-01,-5.955921581422839450e-01,-6.673793337837390371e-01,-6.182153088610529146e-01,-6.378022738788763357e-01,-7.168597194162369401e-01,-5.927184085785018874e-01,-6.370715047959294441e-01,-6.357295676664876938e-01,-7.479925391682425984e-01,-6.259839033473362235e-01,-6.411785471133619740e-01,-6.960635797136431879e-01,-6.985404888525876821e-01,-7.513409245042883544e-01,-6.156497176780408864e-01,-5.027086047983403416e-01,-6.623114873549901249e-01,-6.036411270323849276e-01,-6.377241355789320387e-01,-6.696543452220418136e-01,-7.499336240520428909e-01,-5.938371899942905818e-01,-7.244085575309612279e-01,-5.769109947767986357e-01,-7.005041281326185310e-01,-7.076490534070346561e-01,-6.485234727288897716e-01,-6.164833323099194740e-01,-6.530146825428934099e-01,-6.127605368282245113e-01,-5.557395979289522225e-01,-6.087418871378832419e-01,-5.903757182618769583e-01,-6.370048202156586292e-01,-6.934051402281857790e-01,-5.288742245701443245e-01,-6.221131811445500537e-01,-6.355982588939308453e-01,-7.034038396840331941e-01,-6.010240410535832023e-01,-6.462871316207466910e-01,-6.439902176679056511e-01,-6.508301716325982644e-01,-6.569894293240897687e-01,-6.494023668443870134e-01,-5.150072221377898218e-01,-5.675310168248464127e-01,-6.156154838729014367e-01,-6.234824259099318589e-01,-6.121175423990070641e-01,-6.954259877116480970e-01,-5.700092466279903514e-01,-7.367757040671869539e-01,-5.652411540617779950e-01,-6.688915185211866676e-01,-6.436113122307309808e-01
8.507583649934742365e-01,9.902812179784250546e-01,7.665303748638452319e-01,8.975100024233219065e-01,9.802242008567485509e-01,8.346066263263079987e-01,7.438518601834659405e-01,7.427519276873276732e-01,1.000000000000000000e+00,8.504194128100074357e-01,7.287961716795070544e-01,8.095071772161791523e-01,8.206652334030859475e-01,9.927927684619025639e-01,8.417713944318242492e-01,7.958694944570570140e-01,8.210257265426785800e-01,8.002044289703097446e-01,8.213064221629124972e-01,9.891993823995169910e-01,9.758488462820026355e-01,7.572340899186835728e-01,9.844145046139091138e-01,9.718783529611251248e-01,9.717406009597729932e-01,8.019319848401308404e-01,9.199268586837499040e-01,6.633823446924064227e-01,7.011396077933299553e-01,8.227071349199999162e-01,7.562380753776958286e-01,9.079360124720310399e-01,7.610024739475522715e-01,7.540066129572977616e-01,8.678786126553914571e-01,7.654848705763119820e-01,6.801968569760152850e-01,5.863924672084057654e-01,9.077599541056722288e-01,7.382903118532122555e-01,5.805459240588100034e-01,7.202177291481333121e-01,7.327296599352559614e-01,8.948931332689061824e-01,7.260676522534434962e-01,4.219804609452602606e-01,7.740267511945575496e-01,5.960185464743233963e-01,7.785530013507505620e-01,8.628002440702420284e-01,8.448459596605355504e-01,5.359340209134082489e-01,8.859200959526136732e-01,8.420672807211215805e-01,8.709967277882946224e-01,5.950672352987272928e-01,8.705298744310283610e-01,5.065194179362300098e-01,5.338393836657423508e-01,6.616526821798028868e-01,-7.605451055663526860e-01,-7.389899441431196925e-01,-7.992539853676959849e-01,-7.627269502156052150e-01,-7.238376051592048110e-01,-7.763082455128523796e-01,-7.073990312077480525e-01,-7.857843226655766289e-01,-8.075450338034172448e-01,-6.849292288919567318e-01,-7.705559942603128487e-01,-7.899961965991131319e-01,-8.536303141418905005e-01,-7.171923124553722939e-01,-7.239574355944443651e-01,-7.968532512834185511e-01,-7.669825175438698128e-01,-7.948346089658753222e-01,-7.894056205299725404e-01,-6.679311397525741212e-01,-7.721641168461301774e-01,-7.466806773079878168e-01,-7.049604999970220387e-01,-7.328059861452065338e-01,-8.286600551964624639e-01,-7.197879632131709560e-01,-8.141365872407356763e-01,-7.313780309591538797e-01,-7.757586038791356442e-01,-7.998383828267549012e-01,-7.346966810621256005e-01,-7.186972058494576210e-01,-7.760631646378050030e-01,-7.477729541866202645e-01,-7.184506099611277508e-01,-7.449199094366674156e-01,-6.975152937597698388e-01,-7.703529022861019815e-01,-7.848007075163375701e-01,-6.148070879267470978e-01,-7.561278512452426215e-01,-7.820528747656559920e-01,-8.001360536869556173e-01,-7.007767337112882355e-01,-7.068435852539642905e-01,-7.770988665624197766e-01,-7.230386057826341251e-01,-7.569688097652154113e-01,-7.758699548778844601e-01,-6.698210149480399167e-01,-6.935084755649157939e-01,-7.247738870814440793e-01,-6.989573266741226920e-01,-7.203255050072127075e-01,-7.866857999518778177e-01,-7.246858929393732440e-01,-7.943679617601948628e-01,-7.324377510866446617e-01,-7.259410030421450388e-01,-7.650640305445105538e-01
9.606189968159638548e-01,8.587378152235853879e-01,9.540276595787900993e-01,9.630002512158349903e-01,8.566717430058914395e-01,9.542801859997624980e-01,8.457909696104382036e-01,8.877092350227467898e-01,8.504194128100074357e-01,1.000000000000000000e+00,8.749479161907980362e-01,9.040614299996394543e-01,9.724484802240206394e-01,8.284314099859151348e-01,8.853702912540576397e-01,6.740476659745683330e-01,8.944860482161068882e-01,9.129993410525989450e-01,9.803865572490315650e-01,8.012751277339558165e-01,8.416916154873308464e-01,8.900247894430020068e-01,8.136264082989763669e-01,7.637913988372869722e-01,8.905838385367311760e-01,9.064972926034041700e-01,8.604882471541489553e-01,7.851160847223805916e-01,8.618868412933590184e-01,8.413602461623544970e-01,9.078340857478712778e-01,8.453654690963631202e-01,9.325897862276615324e-01,8.494975539645004403e-01,8.461585789729864082e-01,9.157852476581228585e-01,7.798587599262404302e-01,7.663540657601545236e-01,8.368975575097201691e-01,9.169477748423212615e-01,7.671484370628194327e-01,8.574036741487406355e-01,8.973404945193282911e-01,8.240792023775254105e-01,8.075513593202129359e-01,3.702319132544837910e-01,8.519496163385742449e-01,7.680697018096295237e-01,9.427417602469996272e-01,7.618022859116235779e-01,8.237914993742188052e-01,7.506086832119425178e-01,8.064628246565098690e-01,6.946827525037345685e-01,8.729512006536458424e-01,7.716286330510867542e-01,8.992883629850974003e-01,6.340100097422952663e-01,7.439235377296088414e-01,6.866940547795702399e-01,-6.594987193006993653e-01,-7.389262526871720471e-01,-7.567347114078630810e-01,-6.919859515342362544e-01,-7.062319570386648149e-01,-7.730116327234043405e-01,-6.947108302267502866e-01,-6.995634937015335897e-01,-7.389539805832009423e-01,-7.218472671135083285e-01,-7.086936037781246256e-01,-7.055094547212835687e-01,-7.810865912764103358e-01,-7.245745414188887734e-01,-7.172812625802096331e-01,-7.584688238063541643e-01,-7.431424389954403020e-01,-7.708757685623507383e-01,-7.117780787085699057e-01,-6.029693557660367187e-01,-7.743210332456300637e-01,-6.737559453974811818e-01,-6.639799626829024914e-01,-7.271454559363430548e-01,-8.087469021088499188e-01,-6.521522597281332878e-01,-7.383970690609084064e-01,-6.815612799621468820e-01,-6.739820376638140376e-01,-7.865458391778031855e-01,-6.307097155986585157e-01,-7.481904822988975079e-01,-7.433484261507379287e-01,-6.759432429161736922e-01,-6.800524614622149855e-01,-7.267297890361661405e-01,-6.721291271419133073e-01,-6.682994315195146529e-01,-7.014864555178513816e-01,-6.620530457264944824e-01,-7.175215336598066429e-01,-7.135292408720885771e-01,-7.531102084388558993e-01,-7.025210185056228740e-01,-6.967354855511442846e-01,-7.231665411467135263e-01,-6.991369582686646211e-01,-6.849531422383811075e-01,-7.202960997970162538e-01,-6.295430263411129213e-01,-6.979013317801184835e-01,-6.727586437859695012e-01,-6.466280774433039724e-01,-6.966230226065113218e-01,-7.663738481684349013e-01,-6.519701664835135801e-01,-7.206930725787438208e-01,-6.743404077333514657e-01,-6.167749194582408112e-01,-7.312379903126172698e-01
9.412699798709868171e-01,7.091745096858315112e-01,8.764496488891353465e-01,7.641710345061393239e-01,7.520957303920902115e-01,9.301071980115852567e-01,9.746601517714552632e-01,9.798823554587284823e-01,7.287961716795070544e-01,8.749479161907980362e-01,1.000000000000000000e+00,9.792131014104757947e-01,8.063446894947994270e-01,6.900105430305327747e-01,9.606248917671096343e-01,4.820151677419331482e-01,9.598022761745276243e-01,9.010654301806052535e-01,8.716037323793484060e-01,6.663791786015259566e-01,7.534228333717597481e-01,9.907784420729547348e-01,6.587777401475902739e-01,5.975846258250915310e-01,7.419518078682781903e-01,9.856358680060718358e-01,6.460370390575591593e-01,9.479256712970852705e-01,9.580086751244202281e-01,6.669146785020583224e-01,9.199437201577037593e-01,7.346590376676881418e-01,8.750490551779636084e-01,6.606785105188314189e-01,7.380830260173119051e-01,9.024540142841608326e-01,9.273724022086773378e-01,9.056630097722349060e-01,6.991434676673589088e-01,8.513902396370712777e-01,9.337514345793282988e-01,9.701268945466319238e-01,7.043302819251341385e-01,7.018888876223239315e-01,9.131898217810846541e-01,1.321417580813710191e-01,9.328368370996942271e-01,7.397423139219830857e-01,8.404136024739073951e-01,5.887948543770061827e-01,7.598760635206416314e-01,9.118238223532193487e-01,6.843198873404254812e-01,5.356204316809669574e-01,7.841970235615078888e-01,9.176036885421025024e-01,7.912222009407027246e-01,8.372584154498198261e-01,8.528848446882163481e-01,4.971390292263307420e-01,-6.324504339484093851e-01,-6.167487467645533794e-01,-6.672055685619637799e-01,-6.008544522363917784e-01,-5.804035307999042548e-01,-6.595208412756423666e-01,-5.864184899065457701e-01,-6.303878310379341654e-01,-7.001252994608709868e-01,-5.796040821575717539e-01,-6.198842108723952027e-01,-6.142070962895608277e-01,-7.406523355837176803e-01,-5.986783885464345145e-01,-6.084188402224627312e-01,-6.690949143639887131e-01,-6.882635120676788842e-01,-7.234931250295923988e-01,-6.095814179210954364e-01,-4.798044320415503217e-01,-6.562208997469864968e-01,-5.806717884366249249e-01,-5.965899889653288879e-01,-6.299387561915186229e-01,-7.320182523928470131e-01,-5.596476301570323386e-01,-7.100925205239226878e-01,-5.585465828527244048e-01,-6.842181151235205983e-01,-6.997613605862104125e-01,-6.174924587747544491e-01,-6.261271828954777519e-01,-6.642253179114725459e-01,-5.956224435643862058e-01,-5.561528214038509166e-01,-6.131641771830014243e-01,-5.640556039545990830e-01,-6.674539835274022614e-01,-6.812836434520846973e-01,-5.240410336981821127e-01,-6.158625762662249814e-01,-6.187444526656288302e-01,-7.129598786685915623e-01,-5.789143783266483823e-01,-6.221025594760700717e-01,-6.220122655398344635e-01,-6.553336383316729075e-01,-6.515358569535314448e-01,-6.441907338823773532e-01,-4.936170407635792068e-01,-5.777827814329694611e-01,-6.009992068973905033e-01,-5.890625848784971641e-01,-5.820120542249821449e-01,-6.917328879937711950e-01,-5.447451569569946583e-01,-7.216906791909180052e-01,-5.462296019179729845e-01,-6.584068467231077859e-01,-6.461340002057975873e-01
9.714774501030138953e-01,7.935596295776901066e-01,9.105402351235569736e-01,8.267917255172054780e-01,8.178956797214987917e-01,9.670242109650712958e-01,9.735048656183369342e-01,9.723865124585684416e-01,8.095071772161791523e-01,9.040614299996394543e-01,9.792131014104757947e-01,1.000000000000000000e+00,8.550149528624325646e-01,7.730379840368785116e-01,9.769361926506600069e-01,5.668481835196598206e-01,9.886197597043309138e-01,9.106894468762004591e-01,9.095538970550324231e-01,7.540770181229854430e-01,8.191581108896650587e-01,9.804242702371034346e-01,7.457959047877007475e-01,6.971844526822148502e-01,8.139140621650633456e-01,9.883440178494375949e-01,7.253060283414237697e-01,9.260229313346256541e-01,9.479791142981246477e-01,7.164773345339578992e-01,9.326344624949508555e-01,7.962640424822888807e-01,9.128278438718502308e-01,7.078584417018001229e-01,7.843809945218301882e-01,9.276861696464279161e-01,9.111180510883877259e-01,8.716333066616653857e-01,7.639048788234417131e-01,8.731355287616976435e-01,8.918875512389335958e-01,9.589433919347943869e-01,7.554633731965818555e-01,7.609711559652488910e-01,9.105505080175322341e-01,2.051842002393666486e-01,9.406606274652036248e-01,7.388859440290981295e-01,8.795486054718972824e-01,6.529245742804234975e-01,7.965081919513287145e-01,8.747018604407827969e-01,7.418028321926993796e-01,6.057150280241718754e-01,8.418654946559671615e-01,8.797240935136981799e-01,8.380143206851836668e-01,7.918985251489171207e-01,8.148649877353220106e-01,5.430981512803610967e-01,-6.801853947085378937e-01,-6.655201703613589093e-01,-7.135023663636337332e-01,-6.707325845427432043e-01,-6.344046396581373148e-01,-7.080947673997411984e-01,-6.562829978760246208e-01,-6.737934337095066173e-01,-7.450916630135004937e-01,-6.272729057670496378e-01,-6.828449906155229510e-01,-6.834193222526482314e-01,-7.820670191715073383e-01,-6.576194832473012397e-01,-6.825946978960967249e-01,-7.266713239835890237e-01,-7.297626071450665775e-01,-7.552454689778570485e-01,-6.927984550740478031e-01,-5.478762517581683422e-01,-7.110890821057753719e-01,-6.516617257149532882e-01,-6.714309791347871093e-01,-6.972577042226936195e-01,-7.729693240792869791e-01,-6.291829250311650190e-01,-7.458560177101314359e-01,-6.241213824268825316e-01,-7.107041222263820179e-01,-7.451198958890026258e-01,-6.602185562488409598e-01,-6.681552200774477646e-01,-7.034787604874347400e-01,-6.635820703114014840e-01,-6.178110117944698443e-01,-6.611004719026183363e-01,-6.301073863433245270e-01,-6.987024152315752801e-01,-7.214280583666888846e-01,-5.744246807031655466e-01,-6.772739476286402382e-01,-6.885467369959193951e-01,-7.523638598382945686e-01,-6.378608388254569661e-01,-6.835013876463342797e-01,-6.823349984998130502e-01,-6.897592423108049875e-01,-6.886250430585301174e-01,-7.169223506676799529e-01,-5.662036931533783735e-01,-6.348994639703021692e-01,-6.593842124710340702e-01,-6.634879133423007280e-01,-6.517043051525027719e-01,-7.349445778556763509e-01,-6.185811008535548883e-01,-7.516644268179256683e-01,-6.142849026527720246e-01,-6.742567499457752245e-01,-6.929667006729199885e-01
9.206764583260683699e-01,8.373020127335564222e-01,9.250949071900572696e-01,9.742603197470603993e-01,8.147799852067719728e-01,9.142327564369869819e-01,7.988772848930112414e-01,8.356406450850067946e-01,8.206652334030859475e-01,9.724484802240206394e-01,8.063446894947994270e-01,8.550149528624325646e-01,1.000000000000000000e+00,8.039705112565190825e-01,8.315337280429049294e-01,7.028659868418605239e-01,8.542243820264012744e-01,8.873392836935295458e-01,9.590211640463072174e-01,7.793842883245405417e-01,7.860047875901968739e-01,8.161316786031856951e-01,7.835822943489260117e-01,7.453733471354914153e-01,8.554983091084157332e-01,8.469531480409683288e-01,8.603541870343952569e-01,7.288449594400276954e-01,7.921513198847633941e-01,8.346632285035379129e-01,8.817446257366838847e-01,8.268509204160661152e-01,9.142882081181368248e-01,8.884822050581562269e-01,8.250221895292080276e-01,8.888382950633981761e-01,7.338710959028696967e-01,7.298609840884016098e-01,8.258243506668595524e-01,9.103096526813977407e-01,7.031490026750693012e-01,7.968925242082817162e-01,9.587881518037678630e-01,8.069451323304026591e-01,7.677794499900473246e-01,4.583818334465844524e-01,8.136260816289239139e-01,7.953746245698833928e-01,9.372378556868110611e-01,7.578278785966601205e-01,7.722315812912854405e-01,6.992493108830170057e-01,7.713901233784313805e-01,6.876380809174892361e-01,8.369901427487608236e-01,7.231350900615473032e-01,8.936889325916872462e-01,5.876220431744281214e-01,6.834636290185668317e-01,6.998933382101568679e-01,-6.501447772498707423e-01,-7.155108363948783357e-01,-7.298149243352891613e-01,-6.928178782697143046e-01,-7.082516026476202153e-01,-7.529135350481847011e-01,-7.047932725261069065e-01,-6.757397168880086014e-01,-7.225326933182384392e-01,-7.146505705485732829e-01,-6.926112525907162087e-01,-6.902083828564823387e-01,-7.352676120308987429e-01,-7.333440598658734766e-01,-7.294382821192728628e-01,-7.413185086173572635e-01,-7.062812474368829196e-01,-7.442798312385642268e-01,-6.994968898450877326e-01,-6.186991494381588463e-01,-7.591093704453862889e-01,-6.758854040803027319e-01,-6.866620657915967207e-01,-7.382084455264499301e-01,-7.899619988129356063e-01,-6.588817870345055061e-01,-7.237943084164986107e-01,-6.874588394744586273e-01,-6.374055070247474086e-01,-7.654123390654908876e-01,-6.210757239794585383e-01,-7.234499951476215385e-01,-7.088763845177853407e-01,-6.803533785243257581e-01,-6.784164365087183013e-01,-7.089900866097510468e-01,-6.809866404388419392e-01,-6.127652232430040868e-01,-6.810823535529386685e-01,-6.701193778889883435e-01,-7.097096423817429445e-01,-7.030218563308815449e-01,-7.222548555851614482e-01,-7.114712976173598324e-01,-7.007384615216436519e-01,-7.121846349851048696e-01,-6.541999769363177064e-01,-6.530181276217122965e-01,-7.069858772953162562e-01,-6.568853617692376190e-01,-6.904502888709902475e-01,-6.737465224371442796e-01,-6.671159794650081132e-01,-7.064567259912696295e-01,-7.523010247344817936e-01,-6.660722756612632578e-01,-6.969381051713751107e-01,-6.859936097763206231e-01,-5.712084331601212650e-01,-7.083599515670448987e-01
