1.000000000000000000e+00,6.918277594607472603e-01,8.334886087856970827e-01,6.858202675466771314e-01,6.701907101239827913e-01,8.136877244610213333e-01,8.015843176389922942e-01,7.147557339265724341e-01,6.665255183483941304e-01,7.754533583657042817e-01,7.343745985312711833e-01,6.518094838483362574e-01,7.468868264614244579e-01,6.828435415577340795e-01,8.260460210461222363e-01,5.296666134082285149e-01,7.826355576667840541e-01,6.297210219083964056e-01,8.358843463750076364e-01,6.925616515197584588e-01,6.735116705357077072e-01,7.680626027393354649e-01,7.687151203908277886e-01,6.640058295440202096e-01,7.477956726818546507e-01,8.452880294550764173e-01,7.337455768169688364e-01,7.733338142423192840e-01,7.815430041767921221e-01,6.153601352420092763e-01,3.551048880841273236e-01,1.693478183030523720e-01,3.926643961917147818e-01,2.914358044106074019e-01,6.654908423803780441e-03,3.299592999591852704e-01,4.968412750561064239e-01,2.752979801943755689e-01,2.026571976042219614e-01,2.891336692072911663e-01,1.105070911130752731e-01,4.726334220147713761e-01,4.670342426410582504e-01,4.770060502861578344e-01,4.511680860071262122e-01,2.446393855372567261e-01,4.190780317806677702e-01,2.347216172775572485e-01,2.615393254204281259e-01,2.537629950770544651e-01,1.039617524801064175e-01,2.497636876519479798e-01,1.243763492279416072e-01,1.338941635826418342e-01,1.035667487960758269e-02,2.191688534408073874e-01,2.357512058120838361e-01,2.461827328729180794e-02,1.907065784697692112e-01,1.348020818990109393e-01,-6.571849698312600685e-01,-6.853846615345806637e-01,-6.933554960838498316e-01,-7.219941560364753208e-01,-7.644105101031266614e-01,-6.477776166504998212e-01,-7.678670094522168643e-01,-6.459022383101579168e-01,-6.259069528994414267e-01,-6.828460754846733538e-01,-6.859008510497341948e-01,-7.742053687552937769e-01,-6.951020307263733322e-01,-7.742958512880041555e-01,-7.972412739051590869e-01,-7.619913334284983408e-01,-7.193333144769582521e-01,-6.793609383835503834e-01,-7.677278359759183157e-01,-7.524766147871874145e-01,-7.318914155192246529e-01,-7.822724737438793152e-01,-7.411707626191419429e-01,-7.856414513476055461e-01,-7.326336694700548158e-01,-7.363617934548973842e-01,-5.561404928630201416e-01,-7.468814184981685811e-01,-4.514536647950662673e-01,-6.820992904994516159e-01,-6.770532689913176805e-01,-7.710845018087144620e-01,-7.273749743543843627e-01,-6.935081972430371389e-01,-7.494268724681103500e-01,-6.238226459046224415e-01,-7.452271458449079011e-01,-6.496468886132152898e-01,-6.609001647299639348e-01,-7.359982560972654353e-01,-6.338825274432937640e-01,-7.541461402191824703e-01,-7.324582842837673580e-01,-7.094210196681055569e-01,-7.817408007343709109e-01,-7.643956253755658237e-01,-7.422555676027277061e-01,-6.725316905803216949e-01,-7.841998351111795218e-01,-6.340328486491045856e-01,-7.090269679766318944e-01,-7.458354967058929974e-01,-7.491072897018318244e-01,-7.527804543203164833e-01,-7.261030892048568885e-01,-7.358511113765304756e-01,-6.388146688159388464e-01,-7.445231200591057030e-01,-4.092545471934941337e-01,-7.264234468792225563e-01
6.918277594607472603e-01,1.000000000000000000e+00,6.287952688790611200e-01,5.557132526280366136e-01,7.641860884046958180e-01,7.644439322865146380e-01,6.975792319937518249e-01,7.110442540759659424e-01,7.382461720444835063e-01,6.525914453316562502e-01,6.799210016376895371e-01,7.145018602403275798e-01,5.889153352590300594e-01,6.961750644635529284e-01,7.520885628074629459e-01,5.969194237185140306e-01,7.610590282723131983e-01,5.649996477973363573e-01,6.952005607850754165e-01,6.980956355002204683e-01,7.949561213094394896e-01,6.952882922994566561e-01,7.753576017068491977e-01,7.145504717470566591e-01,7.107280948166734280e-01,7.023435090838153760e-01,6.362829804092283714e-01,6.290734308933223495e-01,6.387679759341587937e-01,5.808307017126493887e-01,2.234128663923387326e-01,1.628512720037811334e-01,2.560259174421708472e-01,1.879429405306737577e-01,1.875311591819055212e-02,1.851756871814062566e-01,3.623129104295199632e-01,7.024787665575434048e-02,1.894754561862738163e-01,1.120131539735491483e-01,-4.505445181911457708e-02,3.336979077992234810e-01,3.403608986057016228e-01,3.797714165971781686e-01,3.529769888936965527e-01,2.065605692126785964e-01,3.532403362688706916e-01,1.096027367845066602e-01,1.645993183125972759e-01,2.176142385111670963e-01,4.466342463753791153e-02,1.056700002206463901e-01,1.308463876373623103e-01,1.125176972823692945e-01,-5.269268054388126510e-02,6.884177851947088922e-02,1.145483547854337647e-01,-1.295694546284598403e-01,1.248405268456262256e-02,1.024504808869905609e-01,-6.363708853001083243e-01,-7.254559283226692523e-01,-7.483200977049527802e-01,-7.048997166906552092e-01,-7.519449871179555434e-01,-7.160580984446712760e-01,-7.529029517031513574e-01,-6.684001189844523960e-01,-6.732503880410595221e-01,-7.138505104881079921e-01,-6.763446069585069553e-01,-7.390312100684223173e-01,-6.604038116368310396e-01,-6.892816493359591457e-01,-7.816225021440872389e-01,-7.554263576581692341e-01,-7.454028464516647690e-01,-6.790598752316577835e-01,-7.632047518383473506e-01,-7.455085804091422519e-01,-7.448970774949515983e-01,-7.268240424835528124e-01,-6.776110234072129090e-01,-7.460399215668250816e-01,-7.338961558531013063e-01,-7.100240205912761171e-01,-5.812743234384986080e-01,-7.474065243570425787e-01,-4.996226441723590761e-01,-7.274708358047655699e-01,-6.552310033242880749e-01,-7.971513084653832903e-01,-7.484365515288866622e-01,-6.700234624475647216e-01,-7.257350251658373219e-01,-6.816860493849574709e-01,-6.816349746743878280e-01,-6.582361002117432802e-01,-6.878809146804923946e-01,-7.150936783779249240e-01,-5.973791220251774003e-01,-6.891083218769072927e-01,-6.854436048061599562e-01,-6.494528362620278772e-01,-7.226891761893743382e-01,-7.509624353675253827e-01,-7.443416352005287617e-01,-6.826247925629587154e-01,-7.769774787929495385e-01,-6.233559834448807457e-01,-6.956571511419266107e-01,-6.711783181739358062e-01,-6.890239942723062061e-01,-6.982621818639066502e-01,-7.328918899165210998e-01,-7.323119605937342680e-01,-6.575204022613578836e-01,-6.808789592366601973e-01,-4.644791590729929753e-01,-7.458623428371252695e-01
8.334886087856970827e-01,6.287952688790611200e-01,1.000000000000000000e+00,6.686855201742151200e-01,5.709076226046053693e-01,7.913537963261438879e-01,8.014145523514506486e-01,6.867979133592558849e-01,5.236309701331469668e-01,7.856923766786830798e-01,6.922564595786920849e-01,6.057234711142588379e-01,6.962542525899837464e-01,5.884718278804400571e-01,7.281661152337310927e-01,4.471764331147530247e-01,7.154596856078964118e-01,5.718586976041960535e-01,8.094213650413211170e-01,5.520393427702601219e-01,5.469885154912946801e-01,7.015993668978633968e-01,6.733478395530430038e-01,6.068701117548854773e-01,6.641503935340400400e-01,7.922121664411975184e-01,6.630465118535485702e-01,7.871820284606875218e-01,7.192834776022212218e-01,6.263500540742517053e-01,2.466475413743000888e-01,4.406557424107446219e-02,3.675875492731425775e-01,2.146765648272999372e-01,-1.133445863780939700e-01,2.927425923218699433e-01,3.773865743542070272e-01,1.706799120332614383e-01,1.056907177240801743e-01,2.536874768676516401e-01,8.128227311030199881e-03,3.540033319029503023e-01,3.926055447943587740e-01,3.447065597672880344e-01,3.362612716509590371e-01,1.829544825778200989e-01,2.856108823980350042e-01,1.339413645693431354e-01,1.994215810752962559e-01,9.599189644096686735e-02,1.335795595555749763e-03,1.500356995418595796e-01,-3.955180786641830648e-03,2.304642515753293694e-02,-8.011312966000726232e-02,1.011735508033693581e-01,1.428989410715428843e-01,-4.374886553366404834e-02,7.474705508536513832e-02,9.755997716231927519e-02,-6.885859388782944457e-01,-7.200701651205904108e-01,-7.319206229882743164e-01,-7.216418082281833568e-01,-7.895763691410129237e-01,-7.014122776479203569e-01,-7.705300689311721518e-01,-7.034148165042374279e-01,-6.761268822150016122e-01,-7.462747003009417845e-01,-6.750051556230525218e-01,-7.727924012337032966e-01,-7.259082803489647073e-01,-7.816840172360965955e-01,-7.943273692171382017e-01,-7.897324142694931437e-01,-7.554790710091278116e-01,-7.318762990805032231e-01,-7.756728410501667614e-01,-7.530146787225576732e-01,-7.696771936217852161e-01,-7.835707189180671772e-01,-7.564906301070947192e-01,-7.828098604096757063e-01,-7.587201586949210430e-01,-7.618959713265788247e-01,-6.248912371009699429e-01,-7.585842202289043712e-01,-5.209919012965532614e-01,-7.313145068595916509e-01,-7.025632746917427340e-01,-7.966560276749306002e-01,-7.537796028004193349e-01,-6.855095915230160486e-01,-7.547801445058930359e-01,-6.813259569437805085e-01,-7.402448077758890799e-01,-7.008697662129771411e-01,-6.926074926775142027e-01,-7.748753880670113947e-01,-6.548496971104004194e-01,-7.512014253180292478e-01,-7.457116690581593321e-01,-7.188553412515794605e-01,-7.795349474050928817e-01,-7.837792326520692798e-01,-7.603571734050527109e-01,-7.144152037186313198e-01,-7.957567392906866877e-01,-6.554783702789587219e-01,-7.516707732155496480e-01,-7.409978744015636165e-01,-7.621087936450121614e-01,-7.530028419817853536e-01,-7.532548262334269884e-01,-7.583055129311725429e-01,-6.723196377273820135e-01,-7.478231417207130693e-01,-4.737217936907523463e-01,-7.571115595908710638e-01
6.858202675466771314e-01,5.557132526280366136e-01,6.686855201742151200e-01,1.000000000000000000e+00,5.623723689038677698e-01,5.966716861708379893e-01,6.093680195901984842e-01,5.259004813858721983e-01,5.899776696303715706e-01,8.055861378495058345e-01,6.193158311065350974e-01,5.421003969167670355e-01,8.527639409451337471e-01,5.722556899656148222e-01,5.795582574182914781e-01,7.743717445773011798e-01,5.574249017781077731e-01,7.864978310005896756e-01,7.291694874145538963e-01,5.580163558593139728e-01,5.313051782745552565e-01,6.263217361061136357e-01,5.423098545319722241e-01,3.953912378787958204e-01,4.887312753682294675e-01,5.672018492840765758e-01,5.920702650403899536e-01,6.160264964919413000e-01,6.456811690961106187e-01,8.374746340087099172e-01,2.087907544540096583e-01,6.674259010030914041e-02,2.319340742916276843e-01,5.025154412768418899e-01,-9.289308660971168363e-02,1.281236094094811429e-01,3.829661028499830588e-01,1.521140930978477079e-01,5.672408250299969951e-02,3.551452787795121857e-01,-8.023952419648205936e-02,2.587950434141027545e-01,6.306730837523499833e-01,3.747023256464541707e-01,2.993181695193249392e-01,5.882912077418603891e-01,1.919196836772752435e-01,4.217589625928529484e-01,2.656631763743709240e-01,1.750128267252055447e-01,-7.042495985813267134e-02,8.894297996382721783e-02,2.559815855267384352e-02,6.544106179321146355e-02,-1.769355147512041149e-01,1.234214237587177437e-01,2.167115688413115138e-01,-6.485743334395614734e-02,2.953692710414561676e-02,5.208196556533970512e-01,-5.667866391569806872e-01,-5.866955690419219938e-01,-5.293912912807815507e-01,-6.528529865333514426e-01,-7.330399433001993925e-01,-5.555950450108866345e-01,-7.116903833374155219e-01,-5.348756981505135011e-01,-4.833958899233290474e-01,-6.542288404209585240e-01,-6.598033253430228839e-01,-6.971437128445540088e-01,-6.347365839768580598e-01,-7.393215676693583038e-01,-7.173571977919644960e-01,-6.938272216590614105e-01,-5.801552619592020843e-01,-6.000845770685788727e-01,-6.398284494278426715e-01,-7.046957278516788881e-01,-6.930535421756262027e-01,-7.132835390723867297e-01,-6.245161024801445526e-01,-7.248358535287900972e-01,-6.690039380831475091e-01,-6.985402492236812977e-01,-4.123061909410972725e-01,-6.538368981226583276e-01,-3.305976809174022146e-01,-5.649640967943221348e-01,-5.907698169583140979e-01,-7.038053027120563243e-01,-6.106081980241141460e-01,-6.452523469687174718e-01,-7.297519889975724316e-01,-5.888649616516099528e-01,-6.912010562835145810e-01,-5.454144930980209249e-01,-5.418535345410538939e-01,-7.113079553507294372e-01,-6.523411344523470934e-01,-6.701479874390566804e-01,-6.347291546720491562e-01,-6.980552861396498443e-01,-7.055200875058870169e-01,-7.291721317669010993e-01,-6.167857570647260479e-01,-6.074177807784330030e-01,-6.724816579012549145e-01,-6.222188464309668099e-01,-6.779562997400166990e-01,-6.653265808300208306e-01,-6.562078016648418277e-01,-7.086045276303145624e-01,-6.327274479300091237e-01,-6.634265693260591457e-01,-5.223977796097093451e-01,-7.142823265005512345e-01,-3.035828703433084419e-01,-6.244678466194361066e-01
6.701907101239827913e-01,7.641860884046958180e-01,5.709076226046053693e-01,5.623723689038677698e-01,1.000000000000000000e+00,6.494214337379237145e-01,6.679710022462278518e-01,6.945684446218340913e-01,7.404396847326026876e-01,6.825369460766159690e-01,6.515965817515123604e-01,6.920311610590749174e-01,6.345732975231669348e-01,6.782810839610579068e-01,7.526653634400684023e-01,5.525741209704783108e-01,6.684660289459655180e-01,4.759955529794763773e-01,6.803738810891523103e-01,6.600218922873013483e-01,8.461266637140152369e-01,7.654724441156981474e-01,7.037297287954600300e-01,6.261910626441912209e-01,7.401663773571154348e-01,7.324731199868859122e-01,6.073381954698140461e-01,6.160147835534774963e-01,6.570899764484885441e-01,5.633390670848102966e-01,2.746412622289188254e-01,1.456746243336993762e-01,1.998295953703837224e-01,1.907317242867372920e-01,-1.787199692212779233e-03,1.972708775859687014e-01,4.006291962659449535e-01,1.107809120446811291e-01,1.520641318643763951e-01,1.191125275962082453e-01,-2.228307068296537033e-02,3.451937508509214658e-01,3.248201614543809179e-01,4.193155195313023609e-01,3.585729085751424572e-01,1.581701718238050502e-01,3.321907251049834864e-01,1.600417685049314032e-01,1.960392361391423977e-01,2.529960354560368829e-01,7.934693555032802659e-02,1.662853530306970529e-01,1.727998318417809376e-01,1.655416635579319007e-01,-7.684900646885955977e-02,1.238901580209730707e-01,5.932774394291807224e-02,-7.145070756229776610e-02,6.713011806850821550e-02,9.827535976484190472e-02,-7.110954706460639319e-01,-7.258826446298267676e-01,-7.712072605529806113e-01,-7.690201174407430562e-01,-7.775940075195777457e-01,-7.288471258991122692e-01,-7.793809304247185654e-01,-6.994468229173946838e-01,-7.004280055231957292e-01,-7.303300974979968219e-01,-7.041934941473392273e-01,-7.726651358435876471e-01,-7.112164388079310617e-01,-7.397016723861821186e-01,-8.021166767628001848e-01,-7.683186783650303164e-01,-7.646273203841920107e-01,-7.090454967848147660e-01,-7.968295784405643456e-01,-7.658474609987565573e-01,-7.597779660227713672e-01,-7.635760725600934107e-01,-7.414795485382579265e-01,-7.759041844458475223e-01,-7.410722184354787689e-01,-7.580263762428676166e-01,-6.233285743526612022e-01,-7.781590156218720633e-01,-5.428067284666477921e-01,-7.562625468388108896e-01,-7.338609895933607685e-01,-7.705963453148931830e-01,-7.657827332904453277e-01,-7.271088935201703851e-01,-7.560968005390739100e-01,-6.866404327353142767e-01,-7.304014762976046571e-01,-6.930693640943300649e-01,-7.238335177852978086e-01,-7.404764434521180494e-01,-6.377046425257298923e-01,-7.374608929923870404e-01,-7.237217440783545452e-01,-7.091466346755092021e-01,-7.551592329607037524e-01,-7.685161166110348052e-01,-7.804757697949670225e-01,-7.203812090037706728e-01,-8.026800526246800072e-01,-6.494992493185819393e-01,-7.203000529962237941e-01,-7.362962582497036834e-01,-7.547332596362117396e-01,-7.360949660548604667e-01,-7.422090295588201769e-01,-7.907525710642138161e-01,-7.025027150913124574e-01,-7.120424550154017540e-01,-5.128791808566396382e-01,-7.610625104662875895e-01
8.136877244610213333e-01,7.644439322865146380e-01,7.913537963261438879e-01,5.966716861708379893e-01,6.494214337379237145e-01,1.000000000000000000e+00,7.232992048646217365e-01,7.853671930596047845e-01,6.687426054222137539e-01,7.503317232178576823e-01,7.973651877839348368e-01,7.943905615197072168e-01,6.558458018864642414e-01,4.796235111573741161e-01,8.413213654541482622e-01,5.481010856198449410e-01,8.849492104535903181e-01,5.803232565413610766e-01,7.960129995258485858e-01,5.976121508532636906e-01,6.507172552101493368e-01,8.190135636325515112e-01,7.072132082231401551e-01,5.957064376606248102e-01,6.761808290830034762e-01,6.847111210187624142e-01,6.514618292465781391e-01,7.185370567773698980e-01,7.501346756381190861e-01,5.898387422114542700e-01,2.905250512173402910e-01,1.170444298880529005e-01,3.852704518622118712e-01,1.845364365728067724e-01,-2.437591364627947690e-02,3.289940563989260935e-01,4.162664463070687160e-01,1.686115224632467879e-01,1.408938234033487724e-01,2.588450916789085676e-01,2.006285382531882572e-02,4.182830893831107621e-01,3.785751392965629458e-01,3.731352242198793800e-01,3.682366511264474340e-01,1.583637131746366278e-01,4.017278072761004126e-01,1.048388610313387009e-01,2.159237007359036953e-01,1.389928940061014861e-01,-3.499409853575462248e-03,1.912854142131138191e-01,9.047722150275160080e-02,3.049799632439990221e-02,-1.171957255058610680e-03,1.375816524035852473e-01,2.057375353919138616e-01,-1.004011750360656909e-02,1.302588197284481608e-01,9.110550085435191459e-02,-6.506098389496371981e-01,-7.228169080300989036e-01,-7.329676119947532431e-01,-6.802246344912832310e-01,-7.446944460195925597e-01,-7.091053749453239963e-01,-7.355510641739878563e-01,-6.918155035816008214e-01,-6.793303198946566424e-01,-7.216418325502645947e-01,-6.763184241026917176e-01,-7.305769720519976751e-01,-6.813029739421215814e-01,-7.042612856934580279e-01,-7.756537255644941897e-01,-7.609244131960989366e-01,-7.516420585338293714e-01,-7.012187295803586906e-01,-7.777820495705075610e-01,-7.211529979160484771e-01,-7.505206038443824612e-01,-7.391879859871859360e-01,-7.110522675412053184e-01,-7.424040032969192460e-01,-7.361124836924916037e-01,-7.219461914108852296e-01,-6.235928519867621755e-01,-7.310845564603176694e-01,-5.222659447273301225e-01,-7.241296062859593485e-01,-6.664427898959722762e-01,-7.923310401156603566e-01,-7.561381549821801773e-01,-6.320332041616660845e-01,-7.135447417048081942e-01,-6.854718641937261880e-01,-6.860363432466221045e-01,-6.833209534624459236e-01,-7.019321551418656879e-01,-7.471963434661125225e-01,-6.076867885768593158e-01,-6.894861131071756688e-01,-7.337551167812792485e-01,-6.465061610795549418e-01,-7.419585117809082142e-01,-7.532492736402216504e-01,-7.487730054206620522e-01,-6.883413216383003075e-01,-7.851942028645700900e-01,-6.080431105066150810e-01,-7.293297305721089252e-01,-6.861290703034148564e-01,-7.133406722496029584e-01,-7.083031353163053989e-01,-7.421740505915979114e-01,-7.265504120463595061e-01,-6.783075385738956964e-01,-6.968307285307637766e-01,-4.885393882315736125e-01,-7.499559888840772182e-01
8.015843176389922942e-01,6.975792319937518249e-01,8.014145523514506486e-01,6.093680195901984842e-01,6.679710022462278518e-01,7.232992048646217365e-01,1.000000000000000000e+00,8.214509673222496478e-01,5.544675454766043732e-01,6.708156809352004979e-01,7.725027678145518495e-01,7.407575505744175004e-01,6.627933840558748457e-01,6.397460465633271198e-01,8.840562915363959773e-01,4.529003300186313918e-01,7.379044651676238686e-01,6.421659552973614238e-01,6.540337876844427578e-01,6.537492796825487007e-01,6.408480097080226923e-01,7.495403844591185250e-01,6.704369036967013917e-01,6.572888961519813833e-01,6.338654854076403167e-01,8.844682120590973140e-01,5.920946069617422092e-01,8.555969346747129833e-01,7.707395010944096958e-01,5.749698309452061507e-01,2.039352286930163627e-01,5.211931835124790358e-02,1.730451625459065723e-01,1.463057995565781866e-01,-6.024980944164221031e-02,1.848242911528352739e-01,4.442032037680515022e-01,2.421601798375238868e-01,5.698700500979294453e-02,1.382222947340680796e-01,8.045558209076410228e-02,3.772474229508402943e-01,2.817710368753378325e-01,4.219031857927852402e-01,4.224044618949264196e-01,1.635912561121812547e-01,2.645276634571076535e-01,1.687655840815823483e-01,6.424825261749861349e-02,1.981304831466114413e-01,5.734116541394346928e-02,1.988469462631043960e-01,9.257590037365595603e-02,8.303122682992081227e-02,-1.459411679639657788e-01,1.601368724253841580e-01,2.338238661098298102e-02,2.817660182212614051e-02,8.493905508829090178e-02,7.411832389427321088e-02,-7.525662155380068441e-01,-7.207294977404381520e-01,-7.483203894663164046e-01,-8.034429738362611761e-01,-8.305062095526619670e-01,-7.050433146802356221e-01,-8.143001342043856283e-01,-7.036837695007286397e-01,-6.889511895456388313e-01,-7.471473016618763729e-01,-7.232640795093122632e-01,-8.365270461289822101e-01,-7.811434653184616828e-01,-8.262393013421754917e-01,-8.407170318264006736e-01,-7.974727499885139181e-01,-7.652020734034847838e-01,-7.506131612368802664e-01,-8.171210033890005109e-01,-8.173932531508022459e-01,-7.916164214967680302e-01,-8.432894623008455603e-01,-8.208765357673696306e-01,-8.478043551072159678e-01,-7.749398192249796757e-01,-8.148887443904895278e-01,-6.298699651590055071e-01,-8.202189918793572065e-01,-5.310634957272430956e-01,-7.443047960189528300e-01,-7.662660511906258520e-01,-8.113789693093718114e-01,-7.725397668243476623e-01,-7.777464039755631608e-01,-7.877711284695904093e-01,-6.792884991541778827e-01,-8.145866662714554840e-01,-7.003280420525600514e-01,-7.199421002472626840e-01,-7.978444689653638733e-01,-7.077962674937885446e-01,-8.209816166767613943e-01,-7.941112165855379601e-01,-7.645058685268291132e-01,-8.395767192466068174e-01,-7.958329243800063013e-01,-8.009152075428747075e-01,-7.390331469821234123e-01,-8.320198078019738208e-01,-7.363894697407316059e-01,-7.646418976848913251e-01,-8.157032681083368209e-01,-8.250137427241893695e-01,-8.039250131154056511e-01,-7.618267608178753703e-01,-8.130151125849326421e-01,-7.095410834270772238e-01,-7.974719785747215184e-01,-4.786018642286282709e-01,-7.828233338446356493e-01
7.147557339265724341e-01,7.110442540759659424e-01,6.867979133592558849e-01,5.259004813858721983e-01,6.945684446218340913e-01,7.853671930596047845e-01,8.214509673222496478e-01,1.000000000000000000e+00,6.437640848329360121e-01,6.680133922723356932e-01,8.943898153277879404e-01,8.505540111939183801e-01,6.148383689524493656e-01,5.306924558462778885e-01,8.656555531605550913e-01,4.236821337311886260e-01,8.346169435708692408e-01,6.216047230552473879e-01,6.173169831616692749e-01,6.714978893591699860e-01,6.715467648320155858e-01,8.850868130810890522e-01,6.460596772203266447e-01,6.441395720481143394e-01,6.466052242139892492e-01,7.781400884042425359e-01,4.992659541037184900e-01,7.960003490101291712e-01,7.980410972029203798e-01,6.140915987057353753e-01,3.853967440226416241e-01,2.343141413646213089e-01,3.431899402992159009e-01,2.240629774151186582e-01,8.078990311713740713e-02,3.760474110395712888e-01,5.743624982000420376e-01,3.950568971166645293e-01,1.883783863570525630e-01,2.884346721146532344e-01,2.478536477419860384e-01,5.429130031284549185e-01,3.269545654500111698e-01,4.940316367903832551e-01,5.236081322703135532e-01,1.938222126848007099e-01,4.391255500288872016e-01,2.424250160831613599e-01,2.513043386043012917e-01,3.491914119670953554e-01,2.035754571151079939e-01,3.837582671525038847e-01,3.072767443159936662e-01,2.049530974783411452e-01,5.151955632092601600e-02,3.546920890415535266e-01,1.310530819202999075e-01,2.342637771651162326e-01,2.784386938551885460e-01,1.634440450133733680e-01,-7.039395612108855227e-01,-7.034174511158828302e-01,-7.210971402637920136e-01,-7.441147697479264522e-01,-7.656914627028369447e-01,-6.999670897945304837e-01,-7.640191351461068647e-01,-6.800474690993565385e-01,-6.881577864739433226e-01,-7.081472234596594140e-01,-5.805608849437333685e-01,-7.796023110189830296e-01,-7.291150102517012233e-01,-7.339644489296687224e-01,-8.022105410354265498e-01,-7.573739209692509355e-01,-7.608422244603303408e-01,-7.014487677684424494e-01,-7.744919890013436392e-01,-7.447508276265966121e-01,-7.371335047960135833e-01,-7.628848093928993768e-01,-7.489173633358819915e-01,-7.792026694675496801e-01,-7.216457790037089648e-01,-7.551623606960599089e-01,-6.299364019430783168e-01,-7.565926935347774274e-01,-5.279060008303521068e-01,-7.294224577692918210e-01,-7.180238716845837033e-01,-7.495861459584044484e-01,-7.377487829510679385e-01,-7.037764655759204402e-01,-7.223765691687886736e-01,-6.608400703838201995e-01,-7.352446192143049508e-01,-6.811210357356035638e-01,-7.147692282436628464e-01,-7.362884926946341446e-01,-5.601232878054436259e-01,-7.390022733326576665e-01,-7.361711099922880752e-01,-6.823883072057165267e-01,-7.771440411772864154e-01,-7.474481829329800986e-01,-7.653233563963917074e-01,-7.007220483547191847e-01,-7.956838702814857944e-01,-6.404758338381356664e-01,-7.131631548276952115e-01,-7.365578898605379399e-01,-7.585869797658745251e-01,-7.409651776782846255e-01,-7.270992631834283237e-01,-7.637590170026380409e-01,-6.895085690403786050e-01,-7.058164888299082174e-01,-4.854056378707267694e-01,-7.492257524297469828e-01
6.665255183483941304e-01,7.382461720444835063e-01,5.236309701331469668e-01,5.899776696303715706e-01,7.404396847326026876e-01,6.687426054222137539e-01,5.544675454766043732e-01,6.437640848329360121e-01,1.000000000000000000e+00,5.553975644701751868e-01,6.608699316723850581e-01,7.301546646778663829e-01,6.264164184248345313e-01,6.841413266999296638e-01,6.762765356848132736e-01,5.841279536855432664e-01,6.606706629802657771e-01,5.418308543467009741e-01,6.770781588431395992e-01,7.258960908189551198e-01,7.647544766229722457e-01,6.931244585633230537e-01,6.529056335712718484e-01,6.337580813188591344e-01,6.148744257600368135e-01,5.745141983309550726e-01,6.838434338909937793e-01,4.591584693585897825e-01,6.002801220697255857e-01,4.883938006178650815e-01,3.924232522237603438e-01,2.735065576268993492e-01,3.992583946843815124e-01,3.408522478144237478e-01,8.488528474564406567e-02,2.968081805949466800e-01,4.613614144398086592e-01,1.898804751509847177e-01,3.267182166814873168e-01,2.576997290938274343e-01,6.049044673212780610e-02,4.391617451513448733e-01,4.829867417508647565e-01,5.198806928604357003e-01,4.331980940282228465e-01,2.582269476990218804e-01,4.586576741712872773e-01,2.450103170326720647e-01,3.586835141324099530e-01,3.372533747301417195e-01,1.638312476465572654e-01,2.219619836208087393e-01,1.995347417479171326e-01,2.131680967453784548e-01,8.711644517805791632e-02,2.173870268222926339e-01,2.903541906446021614e-01,-4.034949828409829103e-02,2.151336613687295785e-01,1.625031980127268627e-01,-6.282837473304163645e-01,-6.296297236618358939e-01,-6.862258891509936953e-01,-7.063854807736007491e-01,-6.957810627390702551e-01,-6.260923118608749949e-01,-7.351119542226854930e-01,-6.163778965273131183e-01,-6.158413790504068119e-01,-6.276561753024691992e-01,-6.886550005717507750e-01,-7.089248309312117247e-01,-6.102232826366671414e-01,-6.840816695866926977e-01,-7.425076318709349366e-01,-7.275343259025078835e-01,-6.877981631461426160e-01,-6.411986039909887136e-01,-6.906885322792287729e-01,-7.028098341212081213e-01,-6.525103803075511522e-01,-7.041406475761256001e-01,-6.821758074975321495e-01,-7.203510606056573451e-01,-6.861475461559761735e-01,-6.785254784222826130e-01,-5.348208050127727375e-01,-6.719831666668585335e-01,-4.630312728216590124e-01,-6.770336350912631307e-01,-6.578847955466878838e-01,-7.164585684049119552e-01,-6.857375456200099917e-01,-6.726768481571914204e-01,-6.962802014606637169e-01,-6.000590919339422458e-01,-6.641990582941165178e-01,-6.033609793628242901e-01,-6.491385802634945801e-01,-6.531353217184506788e-01,-6.050577489903896655e-01,-6.692907339271864098e-01,-6.544631638762670178e-01,-6.346888327814094177e-01,-6.952058531167917277e-01,-7.216681190164745408e-01,-6.865663673261880318e-01,-6.420249433766554992e-01,-7.284687640484636129e-01,-6.134563996212123449e-01,-6.235548594593220972e-01,-6.790279918983767038e-01,-6.926487028361624221e-01,-6.835664835641804826e-01,-6.828633558882859500e-01,-7.045744463113637890e-01,-6.101849567804138452e-01,-6.657353675787023306e-01,-4.263995065773315551e-01,-6.926912639601259247e-01
7.754533583657042817e-01,6.525914453316562502e-01,7.856923766786830798e-01,8.055861378495058345e-01,6.825369460766159690e-01,7.503317232178576823e-01,6.708156809352004979e-01,6.680133922723356932e-01,5.553975644701751868e-01,1.000000000000000000e+00,6.464759312824489568e-01,6.061593676173837597e-01,8.316490393763720235e-01,5.414325093843707082e-01,6.824748226477852509e-01,6.291545807441522031e-01,6.813703766652058347e-01,7.568672810036882748e-01,7.842971489838248544e-01,5.123347300020950623e-01,6.181904568844515113e-01,7.332405248659739083e-01,6.222939902522450772e-01,5.381463752873598683e-01,7.036201147570178005e-01,6.932581546448455256e-01,6.059298356381490613e-01,7.402756108927113221e-01,6.837443952859006968e-01,7.820990389472749493e-01,3.502738584328309868e-01,1.558254449884509951e-01,3.795374995833308840e-01,3.680742991345726245e-01,6.624209343422145582e-03,3.258238667522750376e-01,4.445121975798450586e-01,2.126142623684159350e-01,1.286772393193396646e-01,3.814312034718861932e-01,1.456567042587895988e-02,4.040561859176261539e-01,5.272560259986023290e-01,3.672159224566735602e-01,3.383137749511346826e-01,4.102556045832763121e-01,3.482315534629957798e-01,3.032051849296853452e-01,3.178126428622708444e-01,2.104029328809624844e-01,6.190474409108841225e-02,2.180280841004252346e-01,1.437580421291071997e-01,7.771175253916122461e-02,-4.277768236202098701e-02,2.343373078946438814e-01,1.987897603840581562e-01,2.552199709041701528e-02,1.531697117180899903e-01,3.603531153614494276e-01,-6.570607175642498854e-01,-7.016836914412635240e-01,-6.566880324534734026e-01,-6.535640648858039858e-01,-7.223795731539740528e-01,-6.835572445815680798e-01,-7.146595563743164403e-01,-6.482111610782927968e-01,-6.258417227620338696e-01,-6.889819852421945612e-01,-5.885741699576998442e-01,-7.165674372336010567e-01,-6.521875765186926355e-01,-7.032721654392550814e-01,-7.488534354087419409e-01,-7.455084556929334472e-01,-6.930633707604957339e-01,-6.721770439097217720e-01,-7.303391136027489461e-01,-6.860185679431383132e-01,-7.189051944677874451e-01,-7.110894101609321893e-01,-6.776796265618304504e-01,-7.294166907764820795e-01,-6.977099996822809791e-01,-7.033087967714870548e-01,-5.705775456523136668e-01,-6.840021859183124109e-01,-4.818152268981419906e-01,-6.627114211336784244e-01,-6.733825204666515907e-01,-7.409903082665008078e-01,-7.096332229797500668e-01,-6.199856083151614738e-01,-6.998931138780831729e-01,-6.979769664295986109e-01,-6.634167140672119212e-01,-6.582548784604314029e-01,-6.717445075461125903e-01,-7.278599976100930125e-01,-5.610819656570837921e-01,-6.686496056584615433e-01,-6.643042951836105603e-01,-6.446345043732317759e-01,-7.101724047500849180e-01,-7.547032419246355595e-01,-6.928348078024627599e-01,-6.993458344770130397e-01,-7.430674296163295445e-01,-5.541500259577691878e-01,-7.014324942953443776e-01,-6.519155684548725294e-01,-6.967618663414740787e-01,-6.996089775872735839e-01,-6.839801536785439229e-01,-7.064458228237956439e-01,-6.463296141455009414e-01,-6.696667091644019632e-01,-4.737032567550624185e-01,-6.952918310887951092e-01
7.343745985312711833e-01,6.799210016376895371e-01,6.922564595786920849e-01,6.193158311065350974e-01,6.515965817515123604e-01,7.973651877839348368e-01,7.725027678145518495e-01,8.943898153277879404e-01,6.608699316723850581e-01,6.464759312824489568e-01,1.000000000000000000e+00,8.290529147126040055e-01,6.319064851352858003e-01,4.788262328878439833e-01,8.505413044192747796e-01,4.273518520646248375e-01,8.167177506893238403e-01,6.291161051635781876e-01,6.915396466286516386e-01,5.916979023333461818e-01,6.727552579813578237e-01,8.828510107520349814e-01,6.068845712032779893e-01,4.754220734652768732e-01,5.718695077617323985e-01,7.438299906130086958e-01,5.374688513302582349e-01,7.432477943809674414e-01,8.498808800357932070e-01,6.540653006244879775e-01,2.510058029418213432e-01,7.798763235749014977e-02,2.709685863566279052e-01,1.988090057960914536e-01,-6.032387380244293162e-02,2.714516202333450146e-01,4.555578641130269002e-01,2.514647537088732787e-01,6.189579512327840483e-02,2.089616886935460605e-01,1.362055837689812310e-01,4.712123022834939223e-01,3.410062840442146248e-01,3.929005890490377961e-01,3.969839647194176036e-01,1.982329434094918796e-01,3.622076132986053465e-01,1.900285949780447514e-01,1.770924045581683814e-01,1.761593462121018028e-01,2.173499614677940409e-02,2.467159586988582065e-01,1.242152447474950822e-01,6.942326779926430436e-02,-8.876304433004189587e-02,2.123207745272808755e-01,1.268282579950819333e-01,1.021735360129128606e-01,1.759644850232752189e-01,1.683882678431788404e-01,-6.358204334212901321e-01,-6.918188017485342733e-01,-6.748113493003320418e-01,-6.832317045688524049e-01,-7.500181068792820538e-01,-6.591449646288235487e-01,-7.125155570135648375e-01,-6.586236146889544729e-01,-6.341660678641110049e-01,-7.066456331520469814e-01,-6.236399818456114241e-01,-7.313312132633911222e-01,-7.319910941954350658e-01,-7.324013922128836951e-01,-7.618808414409476981e-01,-7.283152312513297977e-01,-7.289698163297383404e-01,-6.625596520668513012e-01,-7.660075789954312597e-01,-7.213353388430684410e-01,-7.395445073302652217e-01,-7.286172844532229353e-01,-7.013706975831841550e-01,-7.374410437958716091e-01,-7.243385742759639312e-01,-7.119433457899372319e-01,-5.840889529600314933e-01,-7.420462878350773117e-01,-4.761208186954666854e-01,-7.001200437906187624e-01,-6.487161281863916829e-01,-7.458597613451211084e-01,-7.168129913952655530e-01,-6.516215199147663562e-01,-7.213537203125984787e-01,-6.443384501621741700e-01,-7.183003946044290711e-01,-6.690708184719983409e-01,-6.675869836341364882e-01,-7.501910510405286336e-01,-6.083135436949862473e-01,-7.062033776135154817e-01,-7.570658159102214846e-01,-6.735359482689535771e-01,-7.577894670247301567e-01,-7.283386847776092132e-01,-7.496791428812249469e-01,-6.700429146958548632e-01,-7.700469392093587384e-01,-6.172580284070422474e-01,-7.381573657912070541e-01,-7.097315256396278249e-01,-7.097897282108251993e-01,-7.126167341505528219e-01,-7.345134363284673285e-01,-7.193343321468995688e-01,-6.590913040787086397e-01,-6.951834177103485279e-01,-4.454668438834173405e-01,-7.432521033254149145e-01
6.518094838483362574e-01,7.145018602403275798e-01,6.057234711142588379e-01,5.421003969167670355e-01,6.920311610590749174e-01,7.943905615197072168e-01,7.407575505744175004e-01,8.505540111939183801e-01,7.301546646778663829e-01,6.061593676173837597e-01,8.290529147126040055e-01,1.000000000000000000e+00,6.062714108960828296e-01,3.850566755182062151e-01,8.565860939413200148e-01,4.596645781127463026e-01,8.429371836241877913e-01,5.270333492048270285e-01,6.828170219096836302e-01,6.073521501186592841e-01,6.590043151594874304e-01,8.593454466436788453e-01,6.088800496375069704e-01,5.559363458157103866e-01,6.000239862883155473e-01,6.647970984382159942e-01,5.860857325729473821e-01,6.137558814635460935e-01,6.549626102538459449e-01,5.846946550697766920e-01,3.010614204688834006e-01,8.928659982996881017e-02,3.110462040306431475e-01,1.685209684628436178e-01,-5.350812614857864552e-02,3.240133853917370188e-01,4.248841406628953710e-01,1.804272045656131196e-01,6.756490107628601582e-02,2.151591207541991568e-01,9.506734780056670664e-02,4.491811058187411554e-01,3.286962905930790324e-01,3.411576676718708345e-01,3.449940856600272610e-01,1.232083455692123269e-01,3.827777532468655264e-01,1.223648599270543563e-01,2.199178001686699357e-01,1.490873632399046245e-01,2.741452363270832637e-02,2.824848225813338387e-01,1.309911169312488188e-01,-2.281567971228760580e-02,-6.219963974524621991e-02,2.338941022402358239e-01,1.471930771015235173e-01,7.351832572950468825e-02,1.797472426726698380e-01,1.216860184897570474e-01,-6.785969998195480191e-01,-7.497937567950451188e-01,-7.423065941852043936e-01,-6.676058514237130925e-01,-7.339071258682092758e-01,-7.409945087320596313e-01,-6.980751320296718632e-01,-7.195083309215374312e-01,-7.186306588539775886e-01,-7.254049456753940417e-01,-5.817184439809729435e-01,-6.969892471514367305e-01,-7.350180391887423115e-01,-6.642934058529579300e-01,-7.487785112388752884e-01,-7.668251052161375592e-01,-7.751646655099795336e-01,-7.339506368150235938e-01,-7.552297514974561921e-01,-6.771221675378580329e-01,-7.577764524003027802e-01,-6.947517868832557841e-01,-6.797326181578022819e-01,-7.036361393521700647e-01,-7.566296944012833592e-01,-6.921566999323568448e-01,-6.766044189853813728e-01,-7.080290630501732130e-01,-5.898928000414618289e-01,-7.585237504591950675e-01,-6.877499541175177145e-01,-7.647376998537449566e-01,-7.520828966093732193e-01,-6.226394749432446751e-01,-6.860269398317486722e-01,-7.113793034578760333e-01,-6.573799209437809488e-01,-7.195534924021362855e-01,-7.258810463362245224e-01,-7.455679262614663960e-01,-5.363708714311321568e-01,-6.550272656887514700e-01,-7.355540602395964633e-01,-6.003762059985926491e-01,-7.074885927849275946e-01,-7.390617634458828134e-01,-7.569580854821135185e-01,-7.149746755451980018e-01,-7.763325352681745839e-01,-5.700347132001648554e-01,-7.436846876773940407e-01,-6.720365156414401797e-01,-6.903772408874677691e-01,-6.610837158703242178e-01,-7.465583420073530485e-01,-7.257844860634927731e-01,-7.124082442107898538e-01,-6.498019810758195458e-01,-5.520702328444762053e-01,-7.615564807850477846e-01
7.468868264614244579e-01,5.889153352590300594e-01,6.962542525899837464e-01,8.527639409451337471e-01,6.345732975231669348e-01,6.558458018864642414e-01,6.627933840558748457e-01,6.148383689524493656e-01,6.264164184248345313e-01,8.316490393763720235e-01,6.319064851352858003e-01,6.062714108960828296e-01,1.000000000000000000e+00,6.140227270418926464e-01,6.489162931546357260e-01,7.402213430028975472e-01,6.145716388437713062e-01,8.323115389203021852e-01,7.602098963703756151e-01,6.154366431645702518e-01,5.393043315208491117e-01,6.547601717737797644e-01,5.753611489862600070e-01,5.667972950255092401e-01,5.442902701807553756e-01,6.205489894682979513e-01,5.909244593830234038e-01,6.113300746485516024e-01,6.129047144682725490e-01,8.199986266224263964e-01,3.535304225562106994e-01,1.779286771200504769e-01,3.735126653761145499e-01,5.668504146366794005e-01,-3.097800977860984406e-02,2.510546333197368751e-01,4.472680504838585369e-01,2.394893987522774825e-01,1.791993865803426511e-01,4.851775763408909259e-01,1.104154961862322849e-02,3.761869662583836593e-01,7.135711933790528372e-01,4.628580261687001984e-01,3.928924678347838761e-01,6.125703798591430882e-01,3.187000361399803250e-01,4.647081500408006827e-01,3.871336776951011527e-01,2.931826798539150514e-01,5.442467931299023454e-02,2.193703232294703653e-01,1.299542607673119521e-01,1.019167875741937984e-01,2.566666765898656562e-03,2.537146466604852102e-01,3.731249175707068155e-01,5.412854071572312242e-02,1.311142245394666395e-01,5.557710501591576202e-01,-5.180472747783834153e-01,-6.034321043045924871e-01,-5.346356781517266343e-01,-6.216544941955877146e-01,-7.213224921594130201e-01,-5.732204770690908502e-01,-6.944214596885398549e-01,-5.346302918813634619e-01,-5.032171013041402130e-01,-6.162435989429102534e-01,-5.985769366724972285e-01,-6.767261618636674081e-01,-6.064934210253519753e-01,-7.124729668404954364e-01,-7.127533153775219565e-01,-6.965102345784197624e-01,-6.059594109339783152e-01,-6.032850026186478143e-01,-6.294226269801965756e-01,-6.688487516524838083e-01,-6.787759474512183866e-01,-6.844949806201986453e-01,-5.786413734590204472e-01,-7.010898539476593250e-01,-6.735647334749353954e-01,-6.585024189711503606e-01,-4.220315632252672478e-01,-6.286195503902062276e-01,-3.346076336330537915e-01,-5.775487568113606418e-01,-5.485225790303255300e-01,-7.037204565086654373e-01,-5.996208277470108650e-01,-5.962354390042322594e-01,-6.959777961726050233e-01,-5.769822640477429987e-01,-6.502775499601888276e-01,-5.539979742879681535e-01,-5.390837358643121302e-01,-6.828200845429859278e-01,-5.591126333700628948e-01,-6.419960003886119315e-01,-6.130491722876616478e-01,-6.558911965983549308e-01,-6.809060699506885861e-01,-7.124616528358299616e-01,-6.144152939814118142e-01,-5.834404438262451587e-01,-6.727744741625748537e-01,-5.850182805171398881e-01,-6.604830851932931290e-01,-6.379955662110520231e-01,-6.112632578737832167e-01,-6.693360866317302760e-01,-6.266432836553049723e-01,-6.341578061344428363e-01,-5.092165486888116099e-01,-7.025315615989624618e-01,-2.910591185070801612e-01,-6.203488925323680236e-01
