1.000000000000000000e+00,9.327313771915290985e-01,9.684760824322367068e-01,9.481494793765173901e-01,9.239289963044751142e-01,9.872876431388025731e-01,9.316799033914501260e-01,9.483808594468824404e-01,9.395585333729996602e-01,9.734514891259725688e-01,9.619193278509657885e-01,9.742611710330981722e-01,9.346164943803889624e-01,9.362263173418112761e-01,9.587232265931263653e-01,8.054432316833862737e-01,9.681889590277339419e-01,9.211033112590453209e-01,9.724629564620596023e-01,9.084484838066360091e-01,9.391567544881516127e-01,9.601872704834476524e-01,9.167869540438863263e-01,8.891665556703829409e-01,9.452345442884649840e-01,9.695144114828256887e-01,9.083444986192337200e-01,9.070445299287404062e-01,9.420402391645720241e-01,8.960688980336897203e-01,8.987511073429993447e-01,8.505809226300435899e-01,9.015039154354796969e-01,8.189465594096569934e-01,8.340297684864391714e-01,8.935968684795303485e-01,8.497864006807366311e-01,8.354826552689327279e-01,8.392269308000203099e-01,8.738509458486177772e-01,8.659563442386610799e-01,8.981113514902259176e-01,8.386029586685378456e-01,8.234699696955773973e-01,8.528579727387608500e-01,6.798221586998169919e-01,8.763761003837261532e-01,7.797682106637622290e-01,8.843112275408857581e-01,7.966494568392414877e-01,8.632352925806920929e-01,8.659277181555246061e-01,8.391066129181178335e-01,7.901275761914373641e-01,8.523621565214609674e-01,8.512921249145206648e-01,8.010294002642719402e-01,8.076444811474001728e-01,8.397109087730304511e-01,7.832061664390238542e-01,3.437625287456994583e-01,2.606815687972073303e-01,2.914328440941194587e-01,3.510102607002933417e-01,2.592010803185427759e-01,2.583518930331206720e-01,3.051666601445651716e-01,3.170516538295094500e-01,2.917937468767430875e-01,2.585954906985648560e-01,2.681241554748185485e-01,2.067494399815138495e-01,1.923338764977668147e-01,2.526834299997563482e-01,3.359964892754569443e-01,2.812967616377358704e-01,1.971756793920837192e-01,2.446936842364983156e-01,2.663827880458800590e-01,3.567081476711085886e-01,2.950047387556989364e-01,3.614656946173750995e-01,3.917048276623709135e-01,2.740844226603035838e-01,1.399215032557453997e-01,3.787948927122089526e-01,2.263693313003789509e-01,3.319993306942082834e-01,2.424433496836598811e-01,2.659043088910069685e-01,3.538409534668802703e-01,3.073210026393785044e-01,3.471314616151375820e-01,3.983743870903005968e-01,3.145027694529640150e-01,3.161409226124469174e-01,3.490761579415577742e-01,3.684850539703737882e-01,3.935908112559614036e-01,3.732687537089297569e-01,2.841004298417749707e-01,2.653218456688101745e-01,2.721404592509834020e-01,2.968303298059844497e-01,3.678503039701332966e-01,3.158299583846801983e-01,2.928594089247643084e-01,3.910035350765288520e-01,3.377860317528429412e-01,4.246944590553416998e-01,3.780062660836939759e-01,4.026571789605861151e-01,4.083675549923251880e-01,3.144664715426238044e-01,2.403803670883156995e-01,4.243205022425406980e-01,2.966733050240070724e-01,3.884364002522937009e-01,3.226966688950442252e-01,3.893036447178518933e-01
9.327313771915290985e-01,1.000000000000000000e+00,8.836681758538986742e-01,9.461537354461317939e-01,9.557345942853409104e-01,9.228015278393697507e-01,8.679901192320914616e-01,8.924202730309802600e-01,9.819132560228758244e-01,9.365468064872007892e-01,8.736387362705164694e-01,9.085809021804740482e-01,8.996919222128026972e-01,9.803605173653506810e-01,9.216741104316866773e-01,8.703377338784386019e-01,9.141438597372686381e-01,8.934604796353128320e-01,9.139181677227994349e-01,9.818496183423821577e-01,9.659079652587231335e-01,8.722686524248882689e-01,9.846239535228359374e-01,9.777391012289556871e-01,9.592896969808353269e-01,9.127540610953044364e-01,9.505719669048778853e-01,8.558124372640170119e-01,8.636951366656228091e-01,9.269908252543054283e-01,8.506445763408631011e-01,9.125429544594042541e-01,8.355223353769020145e-01,8.340686469598099784e-01,8.616182214454009003e-01,8.460787640304465729e-01,8.116509065717993909e-01,7.956344036892364358e-01,8.921082979662048329e-01,8.451380367929033355e-01,8.016892773898225411e-01,8.455133986422851411e-01,8.092834556132767476e-01,8.630628680725317414e-01,8.383497324693380826e-01,7.250863755934168209e-01,8.425769204471061924e-01,7.557806758601310904e-01,8.439666510478551764e-01,8.701296427577629444e-01,8.915441601193898613e-01,7.902993829888567134e-01,9.052834864829460981e-01,8.759366280887014300e-01,8.661166079769332393e-01,8.118024444590592470e-01,8.279457222241607406e-01,7.738679724357118150e-01,7.808211048420087286e-01,8.219914088242206152e-01,3.478899841592998365e-01,2.933979885244344388e-01,2.965403292523596801e-01,3.859977158084388904e-01,2.907879534295665924e-01,2.531123864129293244e-01,3.506246918755517306e-01,3.125786447446159966e-01,3.002015337112610704e-01,3.027053283616056856e-01,3.050990146972120676e-01,2.438744719940098282e-01,2.188430716807119314e-01,3.028215288929526072e-01,3.899181236484687285e-01,2.865808667450986391e-01,2.009610170752643976e-01,2.335315236515591031e-01,2.674243063462201642e-01,3.910643130752911034e-01,3.333936951683286742e-01,3.796583674852004320e-01,4.414353427611307779e-01,3.043223066051075065e-01,1.749509598030010993e-01,3.893200818073027092e-01,2.342181631091228566e-01,3.689136691019126446e-01,2.015754906850829864e-01,2.925202236901719433e-01,3.584171576295315798e-01,3.459807567763742986e-01,3.565026116392278066e-01,4.382033314377075661e-01,3.726433882237831230e-01,3.152329082559716111e-01,4.021755563064229877e-01,3.807740392950892394e-01,4.037168727052499184e-01,4.237600371530744758e-01,3.343008970378072431e-01,3.100261946841767480e-01,3.266203125683460051e-01,3.610190883291153896e-01,4.371343842514802680e-01,3.242055298647327777e-01,3.130977532415697429e-01,3.832393976220420106e-01,3.502579788918756543e-01,4.664090858091376468e-01,4.299371009427504498e-01,4.411286235593688820e-01,4.667835636895511509e-01,3.645270742684530441e-01,2.964419586278760343e-01,4.393773817765012635e-01,3.021999047370819702e-01,4.104578548085472955e-01,2.790204799596682217e-01,4.266057270914049293e-01
9.684760824322367068e-01,8.836681758538986742e-01,1.000000000000000000e+00,9.299318448591904485e-01,8.665037247368969631e-01,9.790023305714885549e-01,8.779672016737523066e-01,8.986588143374231175e-01,9.022353623731191874e-01,9.492142597946231497e-01,9.082978876684337788e-01,9.379633536286225981e-01,9.321183589524323354e-01,8.940073885502342055e-01,9.067876334712194897e-01,7.520460005562445982e-01,9.282508928517319013e-01,8.602412790577697033e-01,9.817235884572643734e-01,8.528006805576234806e-01,8.915006118011356007e-01,9.106802742117677818e-01,8.671308874998290284e-01,8.347739046405273644e-01,9.269298861360585340e-01,9.171482766768139783e-01,8.755410827335200485e-01,8.571478305690276578e-01,8.833530989302301739e-01,8.393302078951626610e-01,8.656182842645065989e-01,8.142469006205614868e-01,9.318915298940696479e-01,7.971582101780493312e-01,7.772375245624093543e-01,8.836307464573723847e-01,7.886329871188014762e-01,7.732908651293487479e-01,8.024379572119391124e-01,8.484031381101094782e-01,8.035795945085650871e-01,8.550080284195745728e-01,8.401316063303095882e-01,7.888908887952749138e-01,7.903848244155436964e-01,6.391700398939023087e-01,8.284583106991202373e-01,7.157051996931060867e-01,8.920511511108619729e-01,7.443333158460737620e-01,8.208056195323581994e-01,8.093141278881972323e-01,7.971030751523521252e-01,7.418914534040639275e-01,8.439995902000811956e-01,7.855763687257687478e-01,7.767806899695255396e-01,7.499954478120685053e-01,7.723308615531642163e-01,7.347325834654760968e-01,3.851018957185264879e-01,2.189823055614664449e-01,2.694099362353372662e-01,3.205783285235651592e-01,2.243656529461983407e-01,1.939371406884197735e-01,2.634452523523798106e-01,3.443629778695160848e-01,2.936991321162880642e-01,1.973111718721695662e-01,2.418095566641529914e-01,1.940773665896546041e-01,1.923587549939018149e-01,2.132818004126062483e-01,3.054329650170073407e-01,2.705454942016308206e-01,1.885952299164514734e-01,2.779394725850867776e-01,2.431174698940304912e-01,3.134997925364223503e-01,2.364189201268293850e-01,3.559037684044657479e-01,3.811183502370800169e-01,2.414071694005986146e-01,1.365650269842953179e-01,3.444055733933594765e-01,2.468740698727562022e-01,2.861322625131723085e-01,2.860814551217056301e-01,2.443794763894928945e-01,3.962034849570867934e-01,2.619621024194413450e-01,3.275274181249190342e-01,3.790044616614435258e-01,2.744493556928762623e-01,2.530982498456443852e-01,3.097727733797918104e-01,4.057164002118824886e-01,3.980033123473841195e-01,3.125081012057829288e-01,2.415705884492019007e-01,2.453997470341360565e-01,2.536685907815793839e-01,2.538337202090989453e-01,3.373511816920420348e-01,3.102933079547951500e-01,2.753404333969429740e-01,4.239892316202656386e-01,3.112399613436860890e-01,3.794696599995293629e-01,3.193708427382758175e-01,3.929775012988824812e-01,4.014215306972625519e-01,2.714512130625490460e-01,2.332802001304808692e-01,3.884389120510434723e-01,3.243630490419267542e-01,3.449958315029408307e-01,3.659843175968914841e-01,3.595386107672182141e-01
9.481494793765173901e-01,9.461537354461317939e-01,9.299318448591904485e-01,1.000000000000000000e+00,9.267975548122864282e-01,9.408622001746961283e-01,8.650783489186907316e-01,9.032745652421136917e-01,9.493331876925389379e-01,9.765997254515107473e-01,8.866987760141640251e-01,9.052772849848415015e-01,9.716275719813521894e-01,9.450781261835524694e-01,9.068230642091843485e-01,8.824569272617487359e-01,9.027107385190830113e-01,9.218773770217290053e-01,9.612020989044078867e-01,9.283622689676607198e-01,9.282523023396763717e-01,8.819301103562486865e-01,9.308605468292899809e-01,9.213370393774953371e-01,9.399299001645352591e-01,9.060090756192178407e-01,9.350099795739456043e-01,8.506171574380243516e-01,8.824587847119277351e-01,9.429699885376630064e-01,8.748055712346903823e-01,8.819515286142826094e-01,8.816226149880259655e-01,8.995295823444929839e-01,8.604284516423358342e-01,8.723761828256585416e-01,8.043236052235541722e-01,8.115485679954540510e-01,8.802658578040427617e-01,9.000719022307158701e-01,8.163485661106372193e-01,8.415517328373555150e-01,8.958724563842732636e-01,8.597616439886589523e-01,8.286072693072031869e-01,7.717413630372589317e-01,8.354783726992026649e-01,8.121037814545158939e-01,8.962105517993860238e-01,8.415392749298399311e-01,8.742566156043656278e-01,8.150974647657048822e-01,8.736288791238100426e-01,8.478973754351126768e-01,8.601488073698821957e-01,8.107030801772130424e-01,8.327485716753324496e-01,7.704079282480303936e-01,8.067291133574947537e-01,8.490578938695987343e-01,3.694899754920950574e-01,2.785682517439123651e-01,3.024079921246628500e-01,3.595049196853565276e-01,2.469073390973706428e-01,2.319982531177224305e-01,3.072788770563208982e-01,3.381850284949586283e-01,3.180335045900093416e-01,2.243655685073946970e-01,3.206930447967052400e-01,2.691657940551311912e-01,2.909527953961243418e-01,2.381711118253366510e-01,3.548788694448820613e-01,2.809873270223200437e-01,2.076653812630191165e-01,2.594191119694531089e-01,3.144692646097904110e-01,3.625665714663919847e-01,2.929573125834817882e-01,3.763084198065098640e-01,4.127349246644820280e-01,2.579088771627608967e-01,1.759632714514508256e-01,3.585207563740960279e-01,2.433142670880206748e-01,3.305753175038998459e-01,2.528686098952617756e-01,2.721455819858550895e-01,3.788217603326024530e-01,3.191537988332120990e-01,3.676360919331753130e-01,4.123589240092747632e-01,3.217025726783270256e-01,3.001594606113373032e-01,3.576429625750386920e-01,4.206054998068245454e-01,4.221405142477956396e-01,3.447842690313087655e-01,3.394674186245228986e-01,3.307387541384084195e-01,3.741792407202402249e-01,2.921131770848154341e-01,3.974631852687346978e-01,3.201742718774783780e-01,3.106169256487481545e-01,4.175169553956866175e-01,3.860073851661052213e-01,4.317083965826611358e-01,3.897561308916197564e-01,4.188548299636439265e-01,4.331658368925929148e-01,3.060674584065994908e-01,2.832879747106414325e-01,4.095453558409338224e-01,3.226326736631551784e-01,3.769648180572665042e-01,3.383890443261374781e-01,4.120885535998746740e-01
9.239289963044751142e-01,9.557345942853409104e-01,8.665037247368969631e-01,9.267975548122864282e-01,1.000000000000000000e+00,9.091307138899114015e-01,8.609623853202064137e-01,8.952842974649625196e-01,9.715205866954439440e-01,9.328543097765107373e-01,8.988251800157003313e-01,9.006593627231561650e-01,8.721929485667255788e-01,9.727982268738049054e-01,9.057413937644288593e-01,8.459777428090229368e-01,8.827416110925619952e-01,9.133828611335164105e-01,9.099710918333895338e-01,9.595541159022668021e-01,9.674166125455068155e-01,9.012832697712978014e-01,9.698178946956250712e-01,9.605080882297236666e-01,9.522505148061430891e-01,9.147889037557892511e-01,9.266761296339948162e-01,8.548544988376020060e-01,8.707922588691315857e-01,9.243705262952285340e-01,8.358631366984413669e-01,8.655660043243136315e-01,8.165296789007636669e-01,8.213450741514440878e-01,8.945022856470586925e-01,8.355239535231719916e-01,8.007749995523809616e-01,7.993684505610142432e-01,8.675076857842913824e-01,8.495547846415733018e-01,8.196751705796196941e-01,8.374623408890721210e-01,7.860268621758327301e-01,8.464317180093713366e-01,8.139623624035353666e-01,7.028524497484976985e-01,8.166896005488956112e-01,7.727293554940279918e-01,8.433247319350003490e-01,8.317673860162666521e-01,8.886269160322144423e-01,8.072695315256614990e-01,8.819874768011801702e-01,8.515278502317048526e-01,8.460275562661347948e-01,8.095078368153520998e-01,7.934939677694349269e-01,7.661689487990130942e-01,7.902983573010882168e-01,8.343826887759590027e-01,3.385828391496316092e-01,2.815326564368388906e-01,3.141278910146610426e-01,3.968033525431332031e-01,2.815262850870733913e-01,2.753135731290803911e-01,3.573637998847347119e-01,3.249870593521935191e-01,2.916922649739724371e-01,2.957845032186305345e-01,3.312297391531596191e-01,2.678193936937170450e-01,2.359026882761688371e-01,2.898549409427513268e-01,3.943894628161955240e-01,2.899241009030829042e-01,2.292871215063953250e-01,2.271309802559707824e-01,3.029877046093416015e-01,3.963482198876191465e-01,3.285758319852791209e-01,3.957624273782630597e-01,4.529186476989688903e-01,3.038447325427121593e-01,1.706517002632305102e-01,3.796596754131847939e-01,2.332990262636647216e-01,3.896756222034563621e-01,2.199494049613220925e-01,2.853405631646034335e-01,3.504644549753227478e-01,3.432656414469203998e-01,3.776750501146199923e-01,4.511355864160087603e-01,3.627718127522575053e-01,3.490252224544075910e-01,4.109530965548876535e-01,3.800243769785745518e-01,3.991249447992443744e-01,4.163319333069699368e-01,3.551583769287537939e-01,3.390145960981291728e-01,3.390076344897539062e-01,3.493714600979715423e-01,4.373501224489869665e-01,3.287664000988677060e-01,3.369642926539389016e-01,3.725295341364604496e-01,3.882187613309565632e-01,4.637480282094858519e-01,4.239987074582582394e-01,4.556364091836941355e-01,4.862461819088342296e-01,3.713900297548284879e-01,2.854100338161121297e-01,4.378753158961264380e-01,3.011661341184685980e-01,4.394533824102577202e-01,2.974663538864812384e-01,4.278984365308456383e-01
9.872876431388025731e-01,9.228015278393697507e-01,9.790023305714885549e-01,9.408622001746961283e-01,9.091307138899114015e-01,1.000000000000000000e+00,9.221110046608114175e-01,9.338086195049019045e-01,9.317210999932079574e-01,9.628168138456955072e-01,9.390120990635584253e-01,9.669390701481885841e-01,9.328874450298679788e-01,9.234831276685427914e-01,9.474502087815249718e-01,8.039081815825319666e-01,9.625547212982757950e-01,9.085592893410487925e-01,9.768462695292243758e-01,8.938239592244890952e-01,9.228634746562445201e-01,9.370049176435094607e-01,9.065479535693438118e-01,8.831669101502610530e-01,9.314727356782123158e-01,9.493644471828548426e-01,8.910185800497896214e-01,9.038155708499341356e-01,9.248059437482625267e-01,8.775819005734063483e-01,8.961256170708313817e-01,8.499574901732087628e-01,9.147739970068242688e-01,8.193166526407033023e-01,8.311440212771039615e-01,9.066343194097297165e-01,8.374205311450060307e-01,8.168627112108901578e-01,8.404327982842061395e-01,8.682319441014548778e-01,8.511731118435796883e-01,8.880537401647559115e-01,8.370551086535823471e-01,8.263006958699083970e-01,8.433487082759247855e-01,6.789349422270939405e-01,8.691726183040978659e-01,7.645003863975406988e-01,8.942552438816427918e-01,7.914230931456922580e-01,8.573175718486540919e-01,8.494129653499236099e-01,8.378684726037988195e-01,7.911697220339475312e-01,8.596234950598375946e-01,8.311852264691158565e-01,8.023031398532528558e-01,8.019139451980247246e-01,8.253057633988440944e-01,7.730041369290846509e-01,3.602121540515922926e-01,2.587223881872868780e-01,3.017197734578190849e-01,3.377936443987471504e-01,2.556001739385455052e-01,2.443627040131113870e-01,2.873386201540726326e-01,3.338598928458299531e-01,2.986729688245165493e-01,2.530570962405358504e-01,2.506246382002676465e-01,1.991534311956870140e-01,1.984418760670577098e-01,2.463811582613266438e-01,3.211424611870518642e-01,2.861141727137432311e-01,1.946184702887676921e-01,2.599916321129770447e-01,2.457270616576089362e-01,3.479317233834074985e-01,2.863914969234277463e-01,3.552153142404765318e-01,3.719982249708285726e-01,2.545280998032491415e-01,1.419019079875666611e-01,3.621260220763151128e-01,2.507786929650037133e-01,3.206011818186367268e-01,2.700620299511515277e-01,2.673057711333621800e-01,3.737668008040053724e-01,3.088902804387203549e-01,3.700930533024196500e-01,3.975895427481625499e-01,3.248389989236179498e-01,3.120989066340187357e-01,3.397715402984217148e-01,4.086846960071766066e-01,4.048215692367614915e-01,3.780704389634294560e-01,2.659342701146357735e-01,2.623238944703275011e-01,2.843573103887263032e-01,2.949431757949736443e-01,3.595259282413754698e-01,3.333241342666498630e-01,2.991312553480894865e-01,4.231722653934091305e-01,3.234145330789064410e-01,4.225668193039261999e-01,3.809507353151633247e-01,4.072232323915261354e-01,3.968546624001736411e-01,3.037228071037643695e-01,2.627273076469146540e-01,4.128714019858434892e-01,3.192825573331146694e-01,3.866000467493386772e-01,3.528534157236082880e-01,4.010986633480916885e-01
9.316799033914501260e-01,8.679901192320914616e-01,8.779672016737523066e-01,8.650783489186907316e-01,8.609623853202064137e-01,9.221110046608114175e-01,1.000000000000000000e+00,9.765364491508127243e-01,8.715949745166227114e-01,8.942736090567681151e-01,9.603100776838193742e-01,9.710697850257111741e-01,8.578071876151727171e-01,8.719909816567694705e-01,9.788369014286636416e-01,7.808118563485973995e-01,9.710738075389756530e-01,9.342088978736502458e-01,8.720735220486552919e-01,8.431472850229493332e-01,8.721987799070149983e-01,9.494241617009361311e-01,8.372805885350326216e-01,8.150415627980420741e-01,8.421243184556427286e-01,9.648023136227075192e-01,8.057133523279190745e-01,9.713773439794817222e-01,9.262003944343464301e-01,8.184872542107093363e-01,8.761888981603361826e-01,8.076070215427649801e-01,8.417343123170235586e-01,7.732592088952283671e-01,8.047128039465548666e-01,8.624796150297758812e-01,9.361486031967279908e-01,9.058368667741544256e-01,8.078122585332772054e-01,8.290268415302103344e-01,9.152086227123360507e-01,9.217523041859391197e-01,7.677114794194767056e-01,8.110938756531542726e-01,9.235772744027525016e-01,6.528591077590377711e-01,9.002255243740167057e-01,8.358308241881088341e-01,8.140212218281396295e-01,7.573843720914127386e-01,8.259940805999941293e-01,9.177448901834167616e-01,7.907625320582435391e-01,7.523255290512975701e-01,7.885552695647377597e-01,8.969710842168513443e-01,7.426524171387917095e-01,8.971206614240126997e-01,8.553562113794040966e-01,7.200683366064475344e-01,2.557073326271125380e-01,3.095287169106292202e-01,3.063957123541951044e-01,3.151927586034058426e-01,2.720517005051311665e-01,2.989345777507254609e-01,2.748412991332068733e-01,2.977310243527956923e-01,2.623583625018999776e-01,2.844350695145059227e-01,2.238382997482120385e-01,2.136591280477652399e-01,2.003397253133750999e-01,2.512153839773841879e-01,3.073373987557995735e-01,2.602326669026795991e-01,1.790527662087704752e-01,2.008621666463510647e-01,2.553944742296447301e-01,3.574771024751070558e-01,3.099062795644409452e-01,3.171455531952897533e-01,3.105176294798597803e-01,2.448247627856753872e-01,1.177894249093804496e-01,3.434552304929900934e-01,2.107159818339819080e-01,3.294429250619207994e-01,1.930413337745567059e-01,2.699203857599060674e-01,2.659347051048442379e-01,3.529341188931553464e-01,3.769848005112974021e-01,3.543235632774002219e-01,3.603578419508021158e-01,3.717310686534329167e-01,3.203733205123660555e-01,3.756323893657404489e-01,3.543169449324855558e-01,3.965217595195578704e-01,2.514623932656598893e-01,2.572171855727000134e-01,2.851287404372068179e-01,2.887742770953389271e-01,3.420845993141599095e-01,3.034029931285345261e-01,2.734645224147940756e-01,3.619236269755680135e-01,3.140420408857657608e-01,4.132846698871003310e-01,4.032368879500434211e-01,3.557225914109614640e-01,3.296089806119588683e-01,2.995030882182143084e-01,2.356590950189902112e-01,3.870283407977681001e-01,2.556759608112176840e-01,3.672054788537084669e-01,2.670683957857595270e-01,4.008304622451787091e-01
9.483808594468824404e-01,8.924202730309802600e-01,8.986588143374231175e-01,9.032745652421136917e-01,8.952842974649625196e-01,9.338086195049019045e-01,9.765364491508127243e-01,1.000000000000000000e+00,9.002117721359358393e-01,9.321037191356164042e-01,9.737458273029448996e-01,9.750184525573957206e-01,8.900662341877921824e-01,8.967705718609244592e-01,9.825544021470148381e-01,8.083085165250526449e-01,9.645663217297414382e-01,9.617951342685915339e-01,9.015252873626147245e-01,8.773354761723601847e-01,9.042111343621247466e-01,9.608616349393140910e-01,8.710038147081089477e-01,8.518505543755839904e-01,8.798297844972068349e-01,9.813355435356992951e-01,8.339407621508926338e-01,9.705823852073933722e-01,9.473802745947863535e-01,8.701327016311866114e-01,9.031388703690232944e-01,8.405970683785435327e-01,8.698955777500626541e-01,8.261869335283106297e-01,8.426830856863948283e-01,8.843073200406018630e-01,9.239482085947485768e-01,9.274834542969323525e-01,8.374860398303759501e-01,8.803122879265553591e-01,9.333176490775793033e-01,9.314708168878563788e-01,8.109539327273298515e-01,8.365632518059875622e-01,9.235552683728072143e-01,6.843524084673191510e-01,9.053005811776954070e-01,8.584994124006783967e-01,8.562324816523663173e-01,7.914437870263066888e-01,8.659734348308275598e-01,9.349785591361186032e-01,8.330919326504265809e-01,7.921261293644122903e-01,8.359715324468139919e-01,9.198565015402245804e-01,7.840374031920503972e-01,8.930159350453503730e-01,8.854378956698651937e-01,7.861461638352881254e-01,2.828735443085526047e-01,3.237067634151412632e-01,3.459061423106461475e-01,3.608286360182277330e-01,2.925597242889588223e-01,2.935829665888101681e-01,3.018220612736305375e-01,3.377068635981852474e-01,2.896178035398010442e-01,2.935700521187040168e-01,2.825216996306647022e-01,2.600058452488644423e-01,2.310952387243666861e-01,2.766154452519654638e-01,3.424917391683393597e-01,2.903259184092105705e-01,2.233844819381780866e-01,2.306388102990909739e-01,3.199123550987285625e-01,3.801916107153133773e-01,3.287191012765819376e-01,3.683340522087228397e-01,3.637825648786104926e-01,2.684622988726484416e-01,1.482916756932354529e-01,3.795552806193378537e-01,2.230308167111738349e-01,3.555473973638236251e-01,1.920526193364985035e-01,2.883357653454088343e-01,2.941878489273907493e-01,3.669950489341505251e-01,4.228405980992526181e-01,4.114502854832359779e-01,3.874282916746924488e-01,3.780368548027369657e-01,3.556272096631595270e-01,4.143494664879181499e-01,3.867044676103933987e-01,4.117920390497155081e-01,3.201877200731272355e-01,3.135943962740642688e-01,3.211483339544736193e-01,3.240109454382985588e-01,3.821352257910334838e-01,3.461788260203919609e-01,3.262424767175062801e-01,4.023077674606684306e-01,3.835413758382010263e-01,4.402098038889079579e-01,4.320419469147100955e-01,4.118207043366119979e-01,3.885745185050739625e-01,3.374955414122496333e-01,2.731203103984006231e-01,4.368465660519380567e-01,2.703174221316426706e-01,4.061017284511291847e-01,2.683808288025335553e-01,4.272635348511846787e-01
9.395585333729996602e-01,9.819132560228758244e-01,9.022353623731191874e-01,9.493331876925389379e-01,9.715205866954439440e-01,9.317210999932079574e-01,8.715949745166227114e-01,9.002117721359358393e-01,1.000000000000000000e+00,9.445306954763024176e-01,8.971876237624413220e-01,9.191968452729664119e-01,8.992944993642160156e-01,9.923297453691697356e-01,9.272406849759727843e-01,8.652146932367925647e-01,9.099491919579317800e-01,9.063877395693434869e-01,9.270940045295116283e-01,9.830249135533808413e-01,9.755959357385234343e-01,8.929589930835254430e-01,9.824780435791481414e-01,9.713705416726341468e-01,9.749524426326440230e-01,9.186414765471175858e-01,9.377298735507066940e-01,8.636838284779992936e-01,8.734990037409627872e-01,9.195268689661666439e-01,8.462087329269414315e-01,8.870560412662150673e-01,8.491341140461851067e-01,8.292741250117270368e-01,8.545139870518292380e-01,8.478526791022946707e-01,8.083575633756382439e-01,7.884021840613689713e-01,8.821847159966413887e-01,8.443095303105566662e-01,8.037193920255814028e-01,8.424080389570799410e-01,8.030556665488506329e-01,8.522825987353686017e-01,8.221769322151956105e-01,7.103661581849477491e-01,8.345687277268037940e-01,7.438219969423928157e-01,8.486648551015867348e-01,8.408341374693903969e-01,8.876500293675778641e-01,7.917439041751935802e-01,8.911598067802227741e-01,8.575600345473327613e-01,8.551469615444776684e-01,7.967934883285832104e-01,8.034352826504420619e-01,7.653499576077202882e-01,7.770579681081011270e-01,8.142389538012211325e-01,3.762940771684254448e-01,2.838280609980374236e-01,2.945818967301883640e-01,3.946956455737901659e-01,2.886547757560631311e-01,2.285181718339735213e-01,3.579688005648397064e-01,3.314573507419101284e-01,2.913817314467959108e-01,2.794263945793870607e-01,3.112246716834529137e-01,2.654482903141349159e-01,2.352430069229639875e-01,3.007286404247496159e-01,4.076141233079839665e-01,2.962697052099625972e-01,2.151430452597838383e-01,2.509928154819967561e-01,2.850148503593964433e-01,3.958786780732509447e-01,3.116894643962757616e-01,3.970662698542412605e-01,4.646514260533177176e-01,3.173467589542228184e-01,1.721857277693072674e-01,3.978279194787539552e-01,2.344646206201269623e-01,3.624857081623297228e-01,2.148217323069878948e-01,2.798026930071948470e-01,3.904880371017277474e-01,3.506138196175929700e-01,3.690978905766317264e-01,4.527000092381401886e-01,3.694344792797770727e-01,3.110580730968661167e-01,4.154333347519391095e-01,3.923559744266868488e-01,4.069207022427460130e-01,4.125270064793222224e-01,3.441476015367964658e-01,3.416438994845160670e-01,3.486240294819325514e-01,3.588467260686905025e-01,4.540794557362839989e-01,3.481525997410883089e-01,3.352001774331180295e-01,4.187420736224375939e-01,3.730472329960395350e-01,4.752962120648900335e-01,4.192321741840162042e-01,4.595630444661812364e-01,4.937375099995499617e-01,3.850664905054150822e-01,3.008476191098466423e-01,4.578947151872830856e-01,3.055413941704447356e-01,4.149588780848219027e-01,3.010366817589198440e-01,4.262350852514830146e-01
9.734514891259725688e-01,9.365468064872007892e-01,9.492142597946231497e-01,9.765997254515107473e-01,9.328543097765107373e-01,9.628168138456955072e-01,8.942736090567681151e-01,9.321037191356164042e-01,9.445306954763024176e-01,1.000000000000000000e+00,9.302821649129409121e-01,9.345342486287228079e-01,9.555983591263962351e-01,9.399715313886903845e-01,9.349173010648519355e-01,8.363783070928485497e-01,9.267941590441508559e-01,9.360784756970701448e-01,9.719878088294692242e-01,9.147042281192455659e-01,9.400557796197900329e-01,9.335134386185658384e-01,9.278936899731135002e-01,9.017708840494763622e-01,9.478282269011731875e-01,9.441990659019305898e-01,9.175580522125657001e-01,8.835185775944703890e-01,9.235423753541217584e-01,9.315218975610624064e-01,8.856061784043033347e-01,8.650767449910096163e-01,8.895049656358557932e-01,8.644280629688494422e-01,8.543344766518581324e-01,8.829890395431351235e-01,8.233940117776792356e-01,8.246542215535719311e-01,8.617405442069502319e-01,9.000821077404232984e-01,8.443805581969430207e-01,8.717159055005376800e-01,8.710108608597871838e-01,8.414836573200082936e-01,8.360136938294941977e-01,7.142070548714140044e-01,8.482543556544575036e-01,7.990841016460628055e-01,8.945353701814920955e-01,8.198514268899000923e-01,8.789177193807062860e-01,8.475680126858463614e-01,8.665363754133417196e-01,8.212215340156486798e-01,8.559521867313425458e-01,8.340495781387204932e-01,8.116450912915209592e-01,7.946458861962537590e-01,8.345963247450548517e-01,8.259772478461920864e-01,3.778807736625712788e-01,2.762611664926047927e-01,3.159699951724775357e-01,3.837000877374341368e-01,2.709465808563217837e-01,2.506732822480788880e-01,3.261008261532398755e-01,3.335824678945755739e-01,3.153650441718200970e-01,2.544209518851089924e-01,3.271588446932459093e-01,2.711280304251918460e-01,2.655662983114119857e-01,2.681202518661489065e-01,3.626350624224345398e-01,3.030708838241549241e-01,2.234382007228755684e-01,2.551634615289435914e-01,3.075769839819947893e-01,3.861983741300122341e-01,3.011689946592382428e-01,3.907319482251597753e-01,4.251317217287965411e-01,2.847696449605958136e-01,1.774759030635248702e-01,3.952886984920644386e-01,2.442571671174892101e-01,3.620455919056200789e-01,2.494124665471816327e-01,2.713700654424525682e-01,3.917450994189503044e-01,3.176451259160709140e-01,3.787557960653951117e-01,4.384283664372737865e-01,3.537772140509292673e-01,3.288777842601019463e-01,3.832360447523580627e-01,4.130216990631133123e-01,4.233432874705401749e-01,3.796957893106022164e-01,3.467007919516654768e-01,3.415580315144677304e-01,3.488611500880304250e-01,3.302058731946515557e-01,4.110839200805025961e-01,3.430482949225480693e-01,3.289860692039598966e-01,4.199443535779832648e-01,3.816392357118902345e-01,4.575381280775476789e-01,3.992659633918679840e-01,4.389822902461356646e-01,4.526583483154775212e-01,3.397386909670210287e-01,2.878162436609813524e-01,4.495822454048080119e-01,3.261650315644497033e-01,4.162846139451429339e-01,3.395662514025891143e-01,4.152081461403289708e-01
9.619193278509657885e-01,8.736387362705164694e-01,9.082978876684337788e-01,8.866987760141640251e-01,8.988251800157003313e-01,9.390120990635584253e-01,9.603100776838193742e-01,9.737458273029448996e-01,8.971876237624413220e-01,9.302821649129409121e-01,1.000000000000000000e+00,9.762725026249127191e-01,8.609980221293713765e-01,8.963454312479759434e-01,9.680117211755777662e-01,7.643070642897241695e-01,9.535306311208737728e-01,9.373534712978730532e-01,9.055353486443062927e-01,8.608279107744626346e-01,9.116866059899663144e-01,9.892562907268628303e-01,8.693991883226235284e-01,8.308055736771237099e-01,8.947158307021590984e-01,9.833845361308940491e-01,8.254985690428626732e-01,9.479724833106922821e-01,9.643871215479041803e-01,8.610694825447505751e-01,8.749632629158807795e-01,7.932916923637162165e-01,8.499595408774757166e-01,7.729946657520059272e-01,8.072186089007038490e-01,8.627062092428682272e-01,8.905925388895091777e-01,8.823248231823060950e-01,7.959634030462607868e-01,8.405209383802808576e-01,9.172270229441336076e-01,9.205867770419985385e-01,7.637957532245863712e-01,7.910134107431309181e-01,8.771204704091006832e-01,6.380011898501835033e-01,8.792099416854938232e-01,8.066096754372115152e-01,8.274787739959826860e-01,7.459996780990845178e-01,8.379698631528721409e-01,9.140903490711786983e-01,7.990146691686226266e-01,7.435116567713586644e-01,7.959860361623736225e-01,8.874841255105079263e-01,7.254686786776927132e-01,8.580063490711008489e-01,8.785288867169038785e-01,7.560926772379117367e-01,3.081484171047303433e-01,3.057819253403544213e-01,3.427778221789528623e-01,3.804998138223500970e-01,3.048294952140209180e-01,2.994625617823793995e-01,3.296713314046816334e-01,3.330589655026458540e-01,2.757731911179428508e-01,3.044691320504085419e-01,2.927635106306423207e-01,2.681220795782980337e-01,2.162368585495664242e-01,2.975439358828609882e-01,3.604079823289378370e-01,3.220038902405768511e-01,2.271400732760001095e-01,2.520898023520501408e-01,3.060621888436085847e-01,3.985241971819799001e-01,3.283809317685869589e-01,3.847107079988010270e-01,4.000391083358439959e-01,3.130549149795858188e-01,1.585769593266642408e-01,4.078003564626226374e-01,2.157457020807996562e-01,3.700974093080350857e-01,2.045631183560223387e-01,2.842476577453417197e-01,3.173819992489927411e-01,3.543087454442314654e-01,4.011194001623172856e-01,4.168613952061870909e-01,3.653942893853862617e-01,3.600062880859998260e-01,3.690294467143986901e-01,3.804927511063114776e-01,3.662395496723993560e-01,4.072165430724329904e-01,3.154897592511218818e-01,3.190769894932632966e-01,2.907018525229625450e-01,3.274986314994478009e-01,3.848029671195688506e-01,3.567739847038012280e-01,3.169188390506016417e-01,3.962833240501960064e-01,3.615649702952855038e-01,4.543657350302471865e-01,4.015249233618188307e-01,4.181896250950282168e-01,4.117365642035525908e-01,3.604764986261655424e-01,2.538548090983365202e-01,4.414057000296088829e-01,2.632046687176810007e-01,4.147097616591135516e-01,2.737637469175770444e-01,4.010648925338651805e-01
9.742611710330981722e-01,9.085809021804740482e-01,9.379633536286225981e-01,9.052772849848415015e-01,9.006593627231561650e-01,9.669390701481885841e-01,9.710697850257111741e-01,9.750184525573957206e-01,9.191968452729664119e-01,9.345342486287228079e-01,9.762725026249127191e-01,1.000000000000000000e+00,8.925265039782828147e-01,9.167322355259384103e-01,9.779772881247690286e-01,7.959890649064645940e-01,9.840970342129631288e-01,9.311737870425049746e-01,9.273543868636551224e-01,8.889295217055722675e-01,9.163186950553254828e-01,9.677598529160392760e-01,8.885795564295825288e-01,8.606887066517494578e-01,9.069518807431283802e-01,9.794448615367719047e-01,8.539039548959096448e-01,9.489478778810972459e-01,9.515574694112928222e-01,8.611688562976097527e-01,8.913590220422004107e-01,8.319037023102516804e-01,8.829248625427374986e-01,7.902971861860986769e-01,8.166726902366528984e-01,8.835261584003222257e-01,8.900091412638665433e-01,8.714453473076904100e-01,8.232025476795337138e-01,8.521144177501085437e-01,8.970749649164790895e-01,9.204682276047289058e-01,7.914523912410411643e-01,8.175677894062798323e-01,8.865066269132751975e-01,6.584236475148931289e-01,8.908873792193687802e-01,7.951119932909591626e-01,8.534112473712409663e-01,7.708419452908773506e-01,8.496671099616718292e-01,8.984301947464173876e-01,8.191762155002174639e-01,7.671106467992994116e-01,8.347724050987591626e-01,8.745076627690357984e-01,7.648420846464039080e-01,8.465228935840525271e-01,8.524923171549659839e-01,7.564934973651777916e-01,3.030511324316417787e-01,2.771139079512796033e-01,2.988246096847513855e-01,3.400074197817746224e-01,2.670746824559972477e-01,2.489609150085291822e-01,2.800582557063616140e-01,3.236705481831024800e-01,2.730767417077087367e-01,2.622306550588406338e-01,2.460867908680187399e-01,2.124018800171764698e-01,1.882647589738762894e-01,2.510405846030112076e-01,3.150886445751983067e-01,2.720260141961347022e-01,1.935698161566095088e-01,2.277317083861771230e-01,2.528204276876757639e-01,3.506861738631898984e-01,2.823239056064109631e-01,3.443256042884782486e-01,3.504115444826332304e-01,2.494551496327032103e-01,1.225351564260306475e-01,3.582504327937418576e-01,2.195536036983170292e-01,3.239199252717063215e-01,2.148086727662485151e-01,2.649816795536791281e-01,3.135870252429652782e-01,3.276497652789110981e-01,3.731208893662735226e-01,3.840243888287951379e-01,3.442719156422038851e-01,3.241543556104889978e-01,3.301177340605289112e-01,3.878762780272738131e-01,3.776168493524901804e-01,3.779794217153873981e-01,2.677722434343922653e-01,2.666860731078498636e-01,2.752854006960808730e-01,2.906683863787000166e-01,3.501634618075619154e-01,3.229557391375385000e-01,2.973505612075278415e-01,3.992218882855800843e-01,3.145651021069947872e-01,4.112130032501894461e-01,3.757979968201589083e-01,3.885234356205198858e-01,3.686635606741258675e-01,3.101060404899149692e-01,2.446501173514860072e-01,4.076478331035991443e-01,2.724930354826988754e-01,3.722962889904317119e-01,2.953731447584884706e-01,3.999473042647960219e-01
9.346164943803889624e-01,8.996919222128026972e-01,9.321183589524323354e-01,9.716275719813521894e-01,8.721929485667255788e-01,9.328874450298679788e-01,8.578071876151727171e-01,8.900662341877921824e-01,8.992944993642160156e-01,9.555983591263962351e-01,8.609980221293713765e-01,8.925265039782828147e-01,1.000000000000000000e+00,8.885686183534333704e-01,8.875006204854850589e-01,8.442616762468073688e-01,9.034510323049725899e-01,9.034663973848804375e-01,9.591760282917529690e-01,8.752747981513770981e-01,8.715223866340832126e-01,8.562848191878125181e-01,8.650190277543435835e-01,8.592865256184682998e-01,8.911571506034438039e-01,8.884087449554644023e-01,9.050049952656052943e-01,8.454475775083781786e-01,8.644235016390788839e-01,8.901004863736027284e-01,8.915801232962368150e-01,8.678509034954408063e-01,9.102479960137197512e-01,9.047152583927829950e-01,8.352553688264929832e-01,8.806532430583557947e-01,7.993280274453093970e-01,8.016418344351179393e-01,8.582068493716357160e-01,9.132696751007327585e-01,7.997229285972609070e-01,8.309689213733260083e-01,9.433771420974299549e-01,8.434212560360700994e-01,8.155869394269341655e-01,7.521301409200141785e-01,8.390542676884593654e-01,8.102906509614299368e-01,9.193921961687545608e-01,8.153107149056598724e-01,8.446288433223438918e-01,8.096896204953325515e-01,8.384743483820262799e-01,8.119621054944298200e-01,8.597231332255772518e-01,8.047936671353727034e-01,8.700065240934035105e-01,7.661431634852241546e-01,7.913301020975893607e-01,8.123793236348531011e-01,3.366029026240290323e-01,2.410203515387946693e-01,2.624606512597885688e-01,2.965908528751072248e-01,2.027941989038231640e-01,2.042607142770365147e-01,2.491078712091094327e-01,3.020354323786235695e-01,2.934483667634249504e-01,1.843519228181616232e-01,2.659720417278756965e-01,2.168975544776611808e-01,2.652983135835654815e-01,1.808607199113231312e-01,2.829013613175142550e-01,2.127404837695831552e-01,1.836152258023424633e-01,2.096089446126206124e-01,2.647983013032850774e-01,3.161593999593050874e-01,2.465383840560308459e-01,3.153423046868332746e-01,3.359874672552337627e-01,1.819918944752997314e-01,1.270930635262723929e-01,3.031932401888578488e-01,2.358594186232966239e-01,2.752969928989131843e-01,2.598477014156410081e-01,2.282534126966210553e-01,3.459694882761464307e-01,2.769327459793072266e-01,3.328008023198002485e-01,3.468714280635754044e-01,2.721942001104379893e-01,2.757847503495506891e-01,2.908498879608501508e-01,3.876963499977755800e-01,3.954665669336172584e-01,3.012867759498846221e-01,2.901788438100005307e-01,2.584728956233926511e-01,3.404574705054145278e-01,2.346200391633868065e-01,3.172905945498061264e-01,2.611543856218846993e-01,2.737800093499828114e-01,3.714888722009078159e-01,3.371830735102443466e-01,3.730201112423504606e-01,3.513617216804851839e-01,3.484974810306153414e-01,3.527697506082811962e-01,2.300248217865105138e-01,2.425182338793736014e-01,3.504484349478839689e-01,3.040809453928521311e-01,3.223766479891836401e-01,3.456977645101135255e-01,3.686102633828659547e-01
