1.000000000000000000e+00,-3.085479962206095703e-02,3.192195523033576898e-01,8.426447121286403941e-02,6.809422022680856890e-02,3.187825971109993217e-01,1.756366305398972816e-01,9.185560555978827812e-02,8.530352503733827597e-04,1.950586801454896324e-01,2.191987720196622580e-01,8.502473208958348863e-03,1.965104479236537138e-01,1.341310566188477424e-02,2.589200574698646840e-01,2.016933607798569554e-03,3.244980363149785330e-01,8.176500598249149395e-04,4.470031807955925918e-01,1.221113585110703698e-01,9.455319665954081687e-02,1.626057268077857609e-01,2.648982719683690146e-01,6.959860214259688815e-02,1.504755910549077369e-01,3.736796857528076332e-01,1.360188576431009266e-01,1.950421700968869854e-01,1.893738269822084486e-01,7.621156041184384833e-02,-1.043280158474421265e-01,-1.442705970651477210e-01,-7.690683356256634851e-02,-1.892795791361737145e-01,-7.281635932957090940e-02,-5.813030548495040639e-02,-1.496512432744936116e-01,-1.175164067781883093e-01,-1.135022908691878107e-01,-1.159096807390656569e-01,-9.350543617885859193e-02,-1.101939114645989343e-01,-1.513206231750824082e-01,-1.457323599599797126e-01,-1.922897443801175887e-01,-1.682911496016056274e-01,-1.122051805363456778e-01,-1.530938110020691190e-01,-1.454514502343906834e-01,-2.063188389433605052e-01,-1.316619435831951068e-01,-1.028773321742324498e-01,-1.449496573228888641e-01,-1.796972140045753064e-01,-7.100270711331752027e-02,-1.285948603968954107e-01,-7.762642670317007609e-02,-1.490247547617601920e-01,-4.821218020133583720e-02,-2.008379200126461928e-01,-7.447641396933978031e-02,-9.985002001673159988e-02,-1.111971705102613728e-01,3.379850866250148911e-02,-1.850969517606624801e-02,-7.841918809228658194e-02,-1.643258505142472514e-02,-9.205106200494364566e-02,-9.383496119893891541e-02,-1.035362671756911435e-01,-3.593037426344815322e-02,-5.146313920196225744e-02,-1.280749837742177766e-01,-7.003326961908371007e-02,-3.898330358020829500e-02,-6.157615256900406814e-02,-7.528264499802617138e-02,-7.303808474490119940e-02,-1.224191882150093835e-01,-3.756029519417652951e-02,-7.002759135621693110e-02,-4.274999235310995155e-02,-5.629432188165381379e-02,-3.802428242594018543e-02,-8.312361267088960726e-02,-5.218219901224947777e-02,-1.081495331055891546e-01,-5.369053729705443312e-02,-1.011297828804420956e-01,-8.419607412934844437e-02,-4.771758192664575515e-02,-1.030718361268658789e-01,-9.678546346646801912e-02,3.130929994644962577e-02,-3.723329247595730251e-02,-1.340450206304153458e-01,-2.839246395007723883e-02,-9.075210753101511929e-02,-9.540478178639369422e-02,-1.158726387143854675e-01,-1.016458868074450461e-02,-2.855666010687874998e-02,-1.166652186080482101e-01,-4.525373864370969834e-02,-5.107527648420540772e-02,-5.943956824223498719e-02,-8.399207724484966664e-02,-6.263600323832831107e-02,-1.011335345198371150e-01,3.605243569966489533e-03,-8.659331728422345331e-02,-1.323531636516685900e-02,-5.208493127452881039e-02,-3.336186311674277372e-02,-1.027948484022016273e-01,-1.008164937193092511e-02,-1.005959812256130570e-01,-4.154294958577743613e-02,-1.364282502218945869e-01,-8.656170447127431444e-02
-3.085479962206095703e-02,1.000000000000000000e+00,2.467038793166887942e-02,-4.064728136893720062e-02,2.678700132945647794e-01,1.882556712721129011e-01,6.282745580068181679e-02,1.026884348297489036e-01,2.383220457567304107e-01,1.728069478639104525e-02,1.207098914618345009e-01,2.165232829022175898e-01,-9.956379652675788339e-02,1.026913265390568264e-01,6.891029735962941882e-02,-2.142767015059429334e-02,2.533270809367138554e-01,-9.693164792903644425e-03,3.063032255049185845e-02,-1.171054425964221518e-01,3.579580891287216793e-01,4.787840807797712206e-02,4.056474509552001478e-02,1.401852675410098226e-01,1.789750560653206868e-02,-1.717682578609021002e-02,-6.925638656862935505e-02,-8.329926403787084321e-02,-5.182891278318908779e-02,7.051922050000500319e-02,6.255329576015846577e-03,3.130297100667736587e-02,6.994697229613804079e-02,-4.768486672696270467e-02,5.316495696513027364e-02,3.471027790085786519e-02,-7.971410846555761209e-02,-1.184049764848277148e-01,6.768699190987646774e-02,-1.918824447660216412e-02,-1.264567929160013288e-02,-3.055415185664418862e-03,-9.382157514915867233e-03,-2.240945434583498444e-02,-7.241424195733787983e-02,-2.406064810482952745e-02,3.640571872214454219e-02,-8.444958453442601154e-02,2.379153859771789697e-02,-3.715748173260773751e-02,1.907214671332506384e-02,-2.732074491121604803e-02,-2.400901755414832500e-02,-1.657592910892622881e-02,4.698572360343084009e-02,-8.730900149303867652e-02,2.846161471943722474e-02,-1.069736826640060173e-01,-2.076243437400862590e-02,-7.173884373350751520e-02,-2.262933823761059324e-02,-8.139435162437165527e-02,-1.204253020707162225e-01,2.351117834409141918e-02,-2.858696247125525319e-03,-9.120212148739760549e-02,8.001371531656286881e-03,-4.614875543323317120e-02,-8.638782329582907205e-02,-2.477407762163963065e-02,-5.221566920371811804e-02,-1.566372679365514789e-02,-1.090657885091267723e-02,3.609960362658246741e-02,-4.779024581816772484e-03,-1.911296589922953371e-02,-4.905966263094306556e-02,-1.412641325260712531e-02,-5.899043900530087647e-02,-2.717991447212037698e-02,-2.748188404230363785e-02,1.067683942821736655e-02,2.815233805998606717e-02,1.176101139398619613e-02,-2.676785377424954065e-02,-1.103047790402706535e-02,-3.850425816763732023e-02,-1.793505924472162463e-02,-7.328605142560096208e-02,-6.710615669786168525e-02,-3.008448600969391290e-02,-7.768061718793989323e-02,-3.211519156255028540e-02,2.389011133409728663e-02,8.188775990394600232e-03,-1.057347439349423518e-01,2.018764269846358081e-02,1.857013372650793276e-03,-6.182431402008854715e-02,2.353971928952558815e-03,-3.081641499042233473e-02,2.833550359406461841e-02,-3.384244828362482221e-02,1.444215686626475550e-02,2.001114665490094993e-02,-8.896906244004439482e-03,-2.280311410321195220e-02,-4.424860961083964227e-03,-5.898158041619239872e-02,-1.538839640401394636e-03,6.922151795900540437e-03,3.554359208881873594e-02,2.214082586866088914e-02,2.392745522779129996e-02,-2.790662446011472203e-02,-1.566491503098889002e-02,-4.327430674382021225e-02,3.866620717207712443e-02,-6.151754693498577564e-02,-4.531302280633407731e-02
3.192195523033576898e-01,2.467038793166887942e-02,1.000000000000000000e+00,1.748725937729771196e-01,-6.106178012828906987e-02,3.951579615353850161e-01,3.071535817358713172e-01,1.071223499140713104e-01,-1.867108892524452501e-01,3.606477989302757092e-01,1.375625897885547622e-01,-6.129952626922009241e-03,1.503236470853836770e-01,-1.339350946505552496e-02,1.192222186892040042e-01,-1.435681428869063914e-01,1.345536373988260870e-01,-8.460602122612993770e-02,5.028178151713561528e-01,-1.717952642689940523e-01,-1.304518665871017558e-01,7.816630442973969417e-02,2.297514252517578459e-01,1.205201385767370736e-01,1.092096329410268130e-01,2.945430507397771014e-01,1.045526219019463354e-01,3.559343084293946080e-01,7.382761009006201525e-02,1.494071564174487554e-01,-1.138689209004189046e-01,-4.691192870115332841e-02,9.054381923715584812e-02,-7.224429938428446329e-02,-1.844688616366100750e-02,2.936582067380471076e-03,-1.094868146662554831e-01,-7.174490040422668025e-02,-2.624678264812691994e-02,3.208205522329694165e-02,-5.110430424959396672e-02,-5.732956557739426334e-02,-4.622386353440550988e-02,-9.313313293858316300e-02,-8.254752336527543255e-02,-7.493940352320696552e-02,-9.361743463695376688e-02,-1.291800836337988201e-01,-5.801470931542897919e-02,-1.584013828252763267e-01,-5.093028939606547567e-02,-7.243697242703545092e-02,-6.542599408502865199e-02,-9.269618643639750133e-02,-3.941997044839209985e-02,-1.508324968460113547e-01,5.282878526975126610e-02,-7.629225566511853296e-02,-1.183136883574889969e-01,-1.127798902992822455e-01,-1.071376110727129821e-01,-8.191721278687208452e-02,-9.476406841326297237e-02,-9.614702570965361073e-03,-5.509583709633034815e-02,-1.250622493554685577e-01,-4.496572607040864866e-02,-8.649955938331907457e-02,-9.235285587219120573e-02,-1.009634302091002439e-01,-6.194914864261892584e-02,-7.402740858364158238e-02,-8.612935331222004720e-02,-1.030184791760224428e-01,-4.923371919171392469e-02,-9.361978003376539292e-02,-7.593597370977402117e-02,-6.478694952773535187e-02,-1.258867988562276663e-01,-6.018926195107784233e-02,-9.060600593949727499e-02,-8.221489913305797537e-02,-6.390995299819648978e-02,-7.409373920917412815e-02,-6.261459578032664564e-02,-1.286037735197438359e-01,-9.801157941770217985e-02,-6.749183378419482127e-02,-6.604663526823385811e-02,-6.032131692074101104e-02,-9.668690761033495173e-02,-1.306220814663088536e-01,-9.133301625145334723e-02,-1.575057243991077882e-02,-4.021339407464990384e-02,-1.419226572326907354e-01,-3.912475672624767670e-02,-7.932658281328698602e-02,-8.744247394448674549e-02,-1.003465947083746063e-01,-6.413827014698689211e-02,-5.836205175768989506e-02,-6.302210973003537220e-02,-3.663815349808133975e-02,-7.411594168051294229e-02,-6.570318722196795413e-02,-8.097163462923145927e-02,-4.333502688336812042e-02,-1.206707580224954945e-01,9.410802511296027448e-03,-9.253969070715499512e-02,1.468261093846971038e-02,-7.422300070620356516e-02,-6.816451479955239201e-02,-6.761233185413120794e-02,-7.109740421827887014e-02,-7.787433560260295651e-02,-5.504201290837975463e-02,-6.572235743224114080e-02,-8.288267824041321841e-02
8.426447121286403941e-02,-4.064728136893720062e-02,1.748725937729771196e-01,1.000000000000000000e+00,8.756946091415174216e-02,5.668571297440291867e-02,3.819736589988718956e-02,-9.971542316601397782e-02,1.407950924699269413e-01,5.403643985818359363e-01,6.175584274553598541e-02,3.266648586600519322e-02,4.779030579027682135e-01,-3.732959608313071026e-02,-2.947341748150746760e-02,4.939511363945945921e-01,-5.119164320512202548e-03,4.097583501848667820e-01,2.358484180204958869e-01,-1.719008034840987520e-01,7.606719332369663022e-02,1.033418970224138922e-01,-8.138922730255888915e-02,-3.330041564067306448e-01,-1.085228651502729152e-01,-1.631498429465061406e-01,-7.192202505958959595e-03,1.027992489085510358e-01,1.188361423359997754e-01,5.071267897693282345e-01,1.637713294494941851e-01,1.291546881474219255e-01,1.331090597733362579e-01,3.141591226458854136e-01,1.335504331878035189e-01,1.420872083340384007e-01,1.718432382029355110e-01,9.731200582764495954e-02,7.162372061787311561e-02,2.575203458910517718e-01,8.671873126667750675e-02,1.123886126881957492e-01,3.130921757273795736e-01,1.499462118626845031e-01,5.208970801196664835e-02,4.062720655736374309e-01,5.937888636695243250e-02,2.890318237713775384e-01,2.320238295149342767e-01,7.776602445831704014e-02,9.122339567705559094e-02,1.142524634775673592e-01,1.180587277934271734e-01,1.098785017254757662e-01,3.000007088942836797e-02,1.335704255432743348e-01,1.511934476111721770e-01,8.869324676364973015e-02,1.452404198761604315e-01,3.972985546786522160e-01,2.408004756039519578e-02,3.202187702234561301e-03,5.495660090232196149e-02,7.785497682345039749e-02,-8.784418371275946619e-04,1.062842910633187907e-02,5.041013081965309284e-02,-1.503402021157275795e-02,5.857782235958882561e-02,-3.340846273125697846e-02,-1.061186966451613083e-02,3.608376855054482718e-02,8.067848992663334204e-03,3.362457989861691431e-03,4.841896497899352697e-02,-1.837609425539159236e-02,5.243002647540634387e-02,-1.447277491153571745e-02,2.917436053205528512e-02,4.511861085610574529e-02,-3.563879071193298050e-03,3.315602562650107193e-02,3.664486845326445780e-02,2.212547725186132450e-02,-1.470909740162078434e-02,4.832266147272146900e-02,3.032236972521354726e-02,6.521052216454223394e-02,2.552502783041792761e-02,3.890996491999343387e-02,4.167282675755876187e-02,3.515557360560705308e-02,3.298431792329810375e-02,1.083623055009751146e-01,1.445324166054782165e-02,-2.963871842129149961e-02,5.290309106797504157e-02,8.113742031993855658e-03,3.503366060740512045e-02,-2.926340101269687272e-02,-2.616072864251573187e-03,7.470570585551790377e-02,6.067990936187121764e-02,2.632108902853740745e-02,6.303727838021380703e-02,-2.288391414159405418e-02,4.663836241356579537e-02,-1.243608189404732042e-02,4.188525952360341864e-02,1.006391898912229604e-01,9.575908684730956993e-03,5.832830750764560895e-02,2.995949477963484250e-02,3.069936651077785628e-02,1.811096904302482782e-02,6.826251392596571765e-02,6.035632441999382383e-03,7.600587028667474265e-02,1.197883804585044357e-02,5.248487199087280980e-02
6.809422022680856890e-02,2.678700132945647794e-01,-6.106178012828906987e-02,8.756946091415174216e-02,1.000000000000000000e+00,9.617745057031333589e-02,1.381515093545662709e-01,2.059718150187596630e-01,3.046589689627415831e-01,2.670429566535935106e-01,1.947151907060792053e-01,3.126335063587274976e-01,2.406644078351550531e-01,1.545342660337412632e-01,3.382753359932118009e-01,1.569225776348280588e-01,1.556721827285112991e-01,-4.347834693655201060e-02,2.677095939482645459e-01,-8.154714462337368797e-02,5.374910542251233325e-01,3.709821417705483904e-01,1.097461704240630109e-01,9.556014081482382128e-02,3.383563712819871450e-01,2.430944738139290129e-01,1.690624544729592629e-02,5.209645119108366473e-02,7.423268997427030780e-02,1.222798844070875357e-01,4.013365789345954560e-02,4.220359269138149183e-02,-1.999007296674835260e-02,3.231695138726305844e-02,9.765588814135120477e-02,5.950094625586446750e-03,5.231563517791409240e-02,-1.434476925449826475e-02,2.916645273642119035e-02,1.947529454777347999e-02,5.952174005401610329e-05,-9.782668788037665944e-03,-3.233279657005197483e-02,1.218411228216914471e-01,-2.132347558138929580e-02,-3.132934644436642484e-03,1.411798377195172538e-02,2.354005476588687251e-02,4.926789418953631677e-02,2.670229331433202416e-02,3.349082534700556502e-02,6.449906821178121030e-02,1.175547873171060437e-01,1.200320236822556424e-01,3.826094557982517158e-02,-8.067163460503961811e-03,4.676455772247993525e-02,6.594499921726441893e-02,2.225919488582553049e-02,1.140668467184036486e-02,-2.859683982623591192e-02,-8.606454879847032224e-02,-1.231699278385068597e-01,-2.228487902539742077e-02,-4.030568119313446274e-02,-8.462236669888412166e-02,-4.123531456614077523e-02,-8.786964801998957408e-02,-9.467380486004246809e-02,-7.386462311366340239e-02,-8.164934300227860708e-02,-4.485321802200211566e-02,-4.774526572716689121e-02,-2.472005436983804733e-02,-4.495823826620062857e-02,-2.813159789487056778e-02,-9.569265348818206673e-02,-3.357060308439070717e-02,-6.088392775738566548e-02,-5.009396101438354232e-02,-7.488295686696516684e-02,-7.036733263053982987e-03,-1.611512092924689138e-02,-4.816717671656019911e-02,-6.234464427292374378e-02,-2.574334833591480215e-02,-7.852937640367488314e-02,-3.337469648855014709e-02,-8.057336197774671305e-02,-1.059283620401751391e-01,-4.095660850122015417e-02,-2.528278243722959992e-02,-3.798495955840452271e-02,2.420928433758391674e-02,-4.192270461286139865e-02,-4.027721781647201904e-02,-8.370776201333257269e-03,-7.125773281030889361e-02,-9.227554987151376231e-02,-6.872935937986963950e-02,1.194088674684340261e-02,1.045362778779456228e-02,-1.087052751992804121e-02,-3.665231922595370284e-02,-1.900201764429499188e-02,-1.666155548792404642e-03,-8.405044752913921891e-02,-1.940083106302348259e-02,-5.851962779931441094e-02,5.480765532902229925e-02,-2.540188274916677785e-02,3.593025419473100390e-02,-1.868153763469262291e-02,-1.002969018292016595e-02,-4.203612957826348417e-02,-3.903833652067226212e-02,-9.133758200161917751e-02,6.981567753794143405e-02,-8.981231407254668120e-02,-6.106964950300517586e-02
3.187825971109993217e-01,1.882556712721129011e-01,3.951579615353850161e-01,5.668571297440291867e-02,9.617745057031333589e-02,1.000000000000000000e+00,1.010004182633108955e-01,3.303063856435971002e-01,1.053015877706908188e-01,2.427607768399000776e-01,3.699845996149256910e-01,4.025404631523720744e-01,1.025015016902030944e-02,-3.154050812016822580e-01,3.585461191752899457e-01,1.971013320375014921e-01,5.818260472401050043e-01,-2.681522015831700606e-02,3.301079612858272005e-01,-8.098386574326821297e-03,2.529407162942171744e-02,3.590685463143182266e-01,1.154915738020414473e-01,7.535569765677137266e-02,4.832892047324576640e-02,-3.491027117978614397e-02,-3.080726675934795933e-02,2.051997137747195443e-01,2.392941501768955925e-01,3.286397722740751204e-02,-1.187471422580532593e-01,-6.379895526970899566e-02,3.238706418072788418e-02,-1.491247784106041474e-01,-1.609481813900473859e-02,-1.403364731819290324e-03,-1.017572536173503017e-01,-1.092819781959752656e-01,-8.443989787846704898e-02,-1.599218219114402831e-02,-1.006116415249318496e-01,-6.448679296078994871e-02,-1.131516749069293448e-01,-9.530237530600794982e-02,-9.915150413207463043e-02,-1.104564533341032689e-01,-3.253051318142778647e-02,-1.829678639581716337e-01,-1.000326145752197665e-01,-1.717369129024667873e-01,-1.524937172844498534e-01,-1.086367325644763127e-01,-7.820212617009952849e-02,-1.124747031979089484e-01,2.936669202360410805e-02,-1.695414494394374139e-01,2.945532038147899434e-02,-8.380548027984932591e-02,-6.946344653909092282e-02,-1.260688607027873054e-01,-5.824980923189671672e-02,-1.062116743862915186e-01,-1.376388147775270410e-01,9.627756079294143635e-03,-6.652068190982181328e-02,-1.209007508186720620e-01,-5.779230420447513394e-02,-1.318865420320780857e-01,-1.068573938205198692e-01,-1.488115306299357121e-01,-1.355219591136851420e-01,-5.239446474458468728e-02,-9.739877354627196615e-02,-6.242432369548592264e-02,-7.483041965841007170e-02,-8.474949302474700519e-02,-1.186598048548427736e-01,-1.033467578488825311e-01,-1.262749820525266298e-01,-5.793849616439070843e-02,-9.655822851431997145e-02,-6.001478063101097632e-02,-7.003154980516586303e-02,-6.012942187019332252e-02,-1.065508203844272722e-01,-7.593239771873405708e-02,-1.274058941801246847e-01,-6.352595712884738510e-02,-1.048799697896203170e-01,-1.225568269677848876e-01,-3.472126587077865867e-02,-1.360496213044025959e-01,-1.042951728222257651e-01,4.350257670504653618e-02,-3.891418683626138297e-02,-1.351354133617446718e-01,-1.082755979974189819e-02,-7.697000664470067532e-02,-1.070648061629845132e-01,-1.115429871308631499e-01,-1.066707097426402295e-01,-8.989246863147311653e-03,-1.146011349184682948e-01,-1.839841205960184023e-02,-5.341461797924360044e-02,-4.754277167736097043e-02,-1.051243882915831040e-01,-4.947257706169731067e-02,-1.027385242646751268e-01,-4.186958310959739554e-02,-9.068518183729928905e-02,4.349529436197993940e-03,-4.872309800749305420e-02,-3.261343032147203530e-02,-1.040976312883066385e-01,-1.784301425049153803e-02,-1.219126376901551179e-01,-5.208737956135598562e-02,-1.106046717272611141e-01,-9.374430599319830137e-02
1.756366305398972816e-01,6.282745580068181679e-02,3.071535817358713172e-01,3.819736589988718956e-02,1.381515093545662709e-01,1.010004182633108955e-01,1.000000000000000000e+00,3.737768649840774726e-01,-1.108616138488141140e-01,9.647690209440396014e-03,2.796805502207917460e-01,3.274533218178382610e-01,1.234216529658060668e-01,1.062880517745401487e-01,5.312448400539063753e-01,-1.004558029850571022e-01,7.964148903938357560e-02,1.749472511746091030e-01,1.916615062976506634e-02,-8.386984603273248129e-02,5.177500237015901507e-02,1.115094154080471661e-01,3.053239864666304482e-02,1.214617663189782176e-01,-5.948814542260899563e-02,4.357935231228736161e-01,-5.520395048616137668e-02,4.588514548267219051e-01,2.301586824203913639e-01,-4.912834732183665731e-02,-1.145949813337900081e-01,-1.698466804786599380e-03,-1.490561126059193053e-01,-6.177755860280508687e-02,7.657415106410865591e-02,-1.074056071674229229e-01,1.882214767750720313e-03,2.151758719282311633e-02,-2.255170853494147670e-02,-4.882956691924972281e-02,4.526654572512438246e-02,-3.454043803516904099e-02,-1.727620878453586806e-01,8.508177979962422421e-02,1.723247095526017625e-02,9.436590442398820611e-03,-1.201493411108159742e-01,-1.645447216052510486e-02,-1.386477142194014744e-01,1.126844771744185160e-02,6.587365925647709064e-02,-4.755473293084834692e-03,4.669482924480410080e-02,8.373001920714763513e-02,-1.144916454802141631e-01,-4.204363799182775363e-02,-6.337047645443984190e-02,3.404180779113319399e-02,-4.646891375943443953e-02,-9.434744003410306876e-03,-8.438895351816244617e-03,2.699150984973068546e-02,1.906847763836216859e-03,2.679784881702492252e-02,2.425475760862319530e-02,4.425514571628090532e-02,4.584187344027015193e-02,8.069127627803670752e-03,1.288824769161576664e-02,2.962185203419813451e-02,-1.583770963648545652e-02,1.610080950354538312e-02,8.335665099775976458e-03,-4.466793412611704504e-03,3.482386999122170229e-02,1.784406706984633523e-02,4.759966014902557163e-02,-1.627966479527421248e-04,1.121623136405679524e-02,3.856756119087724737e-03,1.392580503648891896e-02,-4.387519257040607863e-03,-2.179992986122349791e-02,-8.098831574341441505e-03,3.257328209737232749e-02,1.924853730971419138e-02,-2.187108762697398401e-03,3.439833276490623926e-02,-8.790662931142875780e-03,2.256239931907474960e-02,7.872623011317832990e-04,2.068370399637178489e-02,3.619127198567737708e-02,4.067413527225609282e-02,6.679510960198063729e-02,6.141323571907470608e-02,1.977675656100718118e-02,-3.144922886250259026e-03,1.343217621970494227e-02,-4.402971960271246515e-03,-1.156107170234531734e-03,1.306215457817521200e-02,5.297372062089136802e-02,5.747711690709490090e-02,2.237584952316434839e-02,6.138102186844659330e-02,1.900927777823220241e-02,2.552191791952980460e-02,2.352817759907089440e-02,1.543388115374544345e-02,5.410285767684930996e-02,2.993831175593261382e-02,1.018008202319500149e-02,5.148522102862382321e-02,4.160894745546911411e-02,1.726487017467400256e-02,-8.671924056694589253e-03,7.830752411827904269e-02,1.034300494009153179e-02,3.357151213881658103e-02
9.185560555978827812e-02,1.026884348297489036e-01,1.071223499140713104e-01,-9.971542316601397782e-02,2.059718150187596630e-01,3.303063856435971002e-01,3.737768649840774726e-01,1.000000000000000000e+00,1.313742295276708327e-01,2.037787406122995582e-02,7.340705731468695205e-01,6.191243400091442917e-01,8.043945517369478770e-02,-2.363402350235077887e-01,4.641616159709406331e-01,-7.564865553170493917e-02,4.729791908677916656e-01,1.491719655647715248e-01,6.286284151027891898e-02,7.586011724813299106e-02,1.738069988209029193e-01,6.395849328867250216e-01,3.323524129077555078e-03,1.453507609659879796e-01,4.801003636410332981e-02,2.765985551246213370e-01,-1.322627114101098400e-01,3.575369527684010285e-01,4.229614293575573170e-01,2.102878032940265207e-01,-5.109592337360654643e-03,5.624636006365282825e-02,-2.065533633753589143e-02,3.368240827915685003e-03,7.099732063889641065e-02,1.807034325012807363e-02,1.030473874826296904e-01,1.366931450573453943e-01,-1.903142197852333850e-02,4.771963822746925349e-02,1.433324260751541457e-01,1.218736918377304884e-01,-1.027759447729429398e-01,3.955633380678649086e-02,6.721258766494665748e-02,6.111233359626070012e-03,-1.124311513588053223e-02,3.364687420202399498e-02,-2.473336262835027985e-02,9.280377432568706619e-02,7.616878013275525661e-02,1.122166937824093519e-01,1.292208781864041811e-01,8.059314090623603821e-02,-2.620060761916736744e-03,1.310537901384571935e-01,-7.610907454587866050e-02,1.739441135806778505e-01,1.100928265053381788e-01,6.023895943997733399e-02,3.926272660037770368e-02,5.678996379018935031e-02,5.127036414787908281e-02,8.000425943229262649e-02,8.211861742957830834e-02,5.168581016281460078e-02,7.867551301994590851e-02,3.843176631319778630e-02,8.435121107607978369e-03,3.245770836403792658e-02,1.584916195368552272e-01,6.421253004074485571e-02,8.693019311519009987e-03,8.596150333780482045e-02,4.722698096724269740e-02,7.677936300062894459e-02,4.066198032180397964e-02,7.346651827157718584e-02,3.392139727005319405e-02,6.769762095340045582e-02,5.661933313053152395e-02,8.286744868956724686e-02,5.701044856004230249e-02,6.872989759783448838e-02,7.921083939814958785e-02,4.162779002153941393e-02,-3.708493316527821521e-03,7.267806536805068718e-02,1.042201254333607538e-02,3.342582844826340327e-02,4.052224340497482397e-02,9.180551879376329383e-02,7.480730125094194050e-02,9.589900126068473529e-02,1.224939102319745204e-01,7.225726015569157445e-02,9.690352368235387315e-02,3.482141506647887241e-02,3.230185977074203230e-03,3.738104554482556824e-02,1.510544924527042754e-01,9.100225646685149161e-02,4.256663184792205262e-02,9.535711883853746629e-02,6.159848122808909976e-02,1.267265906589908897e-01,6.465152709023126720e-02,8.515566684662048691e-02,3.467462856395887860e-02,6.339912889680413000e-02,4.587280985062425903e-02,7.804733330706610517e-02,6.453996764523740881e-02,8.859491156486097585e-02,7.996414200050032395e-02,4.751850814107620030e-02,1.522503670443805862e-03,1.130232788781072861e-01,1.754886214402700748e-02,6.204590351735921050e-02
8.530352503733827597e-04,2.383220457567304107e-01,-1.867108892524452501e-01,1.407950924699269413e-01,3.046589689627415831e-01,1.053015877706908188e-01,-1.108616138488141140e-01,1.313742295276708327e-01,1.000000000000000000e+00,-1.524051425668935256e-01,2.448147992177638621e-01,3.877106132048975251e-01,1.525131178527921738e-01,1.961108635777692177e-01,1.956670439178359033e-01,9.034827843560490346e-02,1.744394347942791468e-01,1.481606586422161767e-02,1.590899700960205498e-01,2.424891233013055647e-01,3.988445831378825690e-01,2.016291880248977930e-01,6.349833251505980491e-02,9.498229897300541902e-02,-1.297641501217060116e-02,-6.548518899315854125e-02,2.925105126833737468e-01,-2.722339926430947799e-01,-8.363990875953103855e-04,1.979514446612908041e-03,4.614055350147287099e-02,-3.974853489402872114e-02,-6.669823786865410574e-03,3.013264373915340924e-02,-5.755657725494291166e-02,-7.899384609409868668e-03,-3.142118363354247379e-02,-1.028910406525883336e-01,2.851868206887116838e-03,-2.434098590664443909e-02,-7.538312202142614937e-02,-1.743948932423927678e-02,5.985066140426963111e-02,4.397613997467720443e-02,-8.522566289415790808e-02,-2.957099713490481119e-02,-4.135842621935473945e-02,1.114181216041490105e-02,5.922823405402557334e-02,-2.774032374283458280e-02,-4.120460177466356982e-02,-6.021947664193706695e-02,-5.882521076443682218e-02,-5.991288221720946633e-02,-2.604011136563402426e-02,-3.606576282549844165e-02,-2.129893141936005374e-02,-6.423674724148634163e-02,2.853333545281247149e-02,-3.147623979917250903e-02,-9.239499183310909136e-02,-9.467410768679118682e-02,-1.540720533382818058e-01,-8.629479521870973835e-02,-5.293317626235782142e-02,-1.346385796942108359e-01,-9.046342353790697011e-02,-1.066436877025863234e-01,-1.372099710409641904e-01,-8.448064375590347286e-02,-2.113272355907113986e-01,-9.052661616158820534e-02,-8.694243344359517400e-02,-7.486947181836269005e-02,-7.722228244362965011e-02,-1.066102988792902301e-01,-1.051500160276985923e-01,-9.595712598455487241e-02,-7.652084353359904501e-02,-8.842345497698173018e-02,-6.261222356562590186e-02,-7.108913320530868551e-02,-8.050640621351413950e-02,-7.391144194424000002e-02,-1.113360291864865098e-01,-7.065829398183809396e-02,-1.142884886692078078e-01,-2.306904237524435436e-02,-1.415785776197447388e-01,-1.406167469004333814e-01,-1.209749895947379861e-01,-1.364835984384838441e-01,-1.039935333850343091e-01,-7.902478281584272846e-02,-1.033953908514236852e-01,-1.810155596858852023e-01,-4.991001377018386420e-02,-8.643731216888284052e-02,-1.652528270186267856e-01,-9.889404857519425163e-02,-1.037769811063122410e-01,-4.844498375760638437e-02,-9.244437467139214604e-02,-7.169793260373757970e-02,-6.280509172614691382e-02,-8.885779018375067340e-02,-8.376835774444880978e-02,-1.073428378183921283e-01,-1.118658350763487991e-01,-9.129261194013861547e-02,-8.309298255201028049e-02,-7.551360806855943186e-02,-9.704500036261078100e-02,-8.470234766977000063e-02,-1.012039666139844390e-01,-1.000586685478490334e-01,-1.477950888389101547e-01,-5.850852238953051232e-02,-1.713510606182085672e-01,-1.219513661891286765e-01
1.950586801454896324e-01,1.728069478639104525e-02,3.606477989302757092e-01,5.403643985818359363e-01,2.670429566535935106e-01,2.427607768399000776e-01,9.647690209440396014e-03,2.037787406122995582e-02,-1.524051425668935256e-01,1.000000000000000000e+00,-1.923205303271046870e-02,-7.838122530940867111e-03,5.212163244007976814e-01,-1.944070929177567075e-01,1.308270884519156796e-02,2.628488986558257801e-01,8.006124389731024416e-02,3.628639328173343670e-01,2.853679104677717127e-01,-4.313595720257454302e-01,1.112178423999490018e-01,2.152528452039635110e-01,-3.780478091183300804e-02,-5.111061120666499785e-02,2.282943126620876340e-01,5.264418072309724750e-02,-7.052721807468896598e-02,2.359041827938920532e-01,-3.371653227035550926e-02,5.026741523235128684e-01,1.249228499350513860e-01,9.256425433563356120e-02,1.080579330636970009e-01,1.884342286359360907e-01,1.479762575722846363e-01,1.045784948804248660e-01,1.191749288697038639e-01,2.587277805454157517e-02,4.305118958510770893e-02,1.912053836429722653e-01,5.419639464247538729e-02,7.542744733537665169e-02,1.779355306505633894e-01,7.914265684851606864e-02,2.124082020299383408e-02,2.628374065296262274e-01,7.459067550944410707e-02,1.641482487118742228e-01,1.269017346656846623e-01,5.254750085882974736e-02,6.061707667529508264e-02,1.206842652722497355e-01,1.248381481460257014e-01,7.221093390577605631e-02,6.088051553999317828e-02,7.545353281134950518e-02,1.099910395312146405e-01,5.904273925805403334e-02,9.575832969333113176e-02,2.434631087955041739e-01,-1.663487321098986588e-02,-6.762067951860921411e-02,-1.932870937981055401e-02,6.295743036893421130e-02,5.823987920086797637e-03,-5.580772392209608357e-02,1.155163947422456830e-02,-4.351315517550463641e-02,-7.943286904433815090e-03,-4.276768430929674125e-02,2.790431689137350124e-02,-7.487023908971552309e-03,-4.705211777188881769e-03,-2.389850827093566513e-02,-1.681076075657001595e-02,-2.048686313184165664e-02,-4.219353378469672955e-02,2.070603814852044200e-03,-8.037446210213486375e-02,2.082102084902633099e-02,-3.948965659258431987e-02,1.027635389217480474e-02,1.361210211754107849e-02,-2.197699134591643913e-02,-2.521985325815919235e-02,-2.835561307653486351e-03,-3.898908850898130662e-02,-1.445228578539114843e-02,-2.293027350927045235e-03,-6.269586363531283804e-03,2.761433394607643640e-03,-1.846846043250269329e-03,-2.752276054395221341e-02,9.098208753073233623e-02,9.345364017142815047e-03,-6.406395142579528190e-02,3.664827010609682939e-02,-5.143314778798437070e-02,-4.246579206986745431e-02,-4.240756806333222106e-02,1.061660550334558818e-03,4.271308992404555804e-02,3.339069799722610421e-02,4.031767701529349705e-03,3.369713315355036664e-03,-2.702383702199964363e-02,-3.623591201496496883e-02,-2.586720029891808811e-02,-3.140010392274224238e-02,1.117170416311561165e-01,-3.929576919892155407e-02,8.508427233928676781e-02,3.820422691515355362e-03,-6.180946318841461576e-04,-1.335903925422722398e-02,-7.114216295705710815e-04,-4.574460131544242497e-02,4.352734806866568468e-02,-3.395833556637324613e-02,1.309784533824397698e-03
2.191987720196622580e-01,1.207098914618345009e-01,1.375625897885547622e-01,6.175584274553598541e-02,1.947151907060792053e-01,3.699845996149256910e-01,2.796805502207917460e-01,7.340705731468695205e-01,2.448147992177638621e-01,-1.923205303271046870e-02,1.000000000000000000e+00,5.882204619855405658e-01,5.643536866487634807e-02,-2.223364678274258044e-01,5.057984868944753742e-01,-2.649769809558585529e-02,4.935785551414811900e-01,1.314132420239099153e-01,2.724283330011322835e-01,3.014367275745371416e-02,2.642608899601952555e-01,6.557936928155400080e-01,1.221307000737575504e-01,-1.000253671059712496e-01,5.491551381418491307e-03,2.520219818268785161e-01,2.657525808157693362e-02,3.297449895033244260e-01,5.715741498326100123e-01,2.905106013368282669e-01,-1.322151331343865421e-01,-1.026115356748896618e-01,-8.211843387865405686e-02,-1.237867836723528792e-01,-4.742979652511052080e-02,-7.154843404195758427e-02,-3.738078797792964564e-02,-2.165588510086820934e-02,-1.375050873024687703e-01,-7.962754272604043171e-02,-8.005674418907738309e-04,9.551398123413568433e-03,-1.773825331386527371e-01,-7.665560141202651390e-02,-8.264404073120432126e-02,-9.376154020725492588e-02,-6.727943468515520942e-02,-1.127821559528451034e-01,-1.075539940376359915e-01,-1.260199931843046794e-01,-1.116988444001667663e-01,-1.766967414151953200e-02,-4.248103994500064540e-02,-8.898675336547622050e-02,-1.020334514021833117e-01,2.795193613033585336e-03,-5.649854442440706975e-02,2.889793231541000137e-02,-2.434643903545330446e-02,-6.508634452540842941e-02,-1.923867553002221731e-02,-3.220765063812280199e-02,-1.457708437733809754e-03,6.285950041928700660e-02,5.024152053262202419e-03,-2.784160951606763374e-03,3.365201899167181293e-02,-5.807692285482572714e-02,-4.124394222327244786e-02,-5.706082377126289740e-02,3.139991078309811723e-02,1.627721836168946308e-03,-9.197263507810633787e-02,1.617430492467023103e-03,-7.627970867785777674e-03,1.603066505958131507e-03,-2.333158852088802401e-02,-2.467046293054367314e-03,-4.902381904656214623e-02,-9.719679856934688306e-03,-3.155084352496530936e-02,1.780869978659220185e-02,5.713001327719926387e-03,1.209523700261895714e-02,-7.440643682471735632e-03,-1.523638850084578326e-02,-6.022913995825918132e-02,-5.645242535870493780e-03,-4.652341143981506000e-02,-3.854609767740297538e-02,-1.031942441140182472e-02,-1.766112900867555444e-02,-3.472489479497546661e-02,5.498190712650375539e-02,1.264442344285413022e-02,-4.339682777087275345e-02,9.650472974063536644e-03,-6.316365309487492752e-02,-6.129484643775238301e-02,-7.965541241502656356e-02,5.874549642470838079e-02,3.037637545040697620e-02,-7.457147640034178515e-02,3.861251004223835437e-02,-2.162257217783114180e-02,1.160779228886957282e-02,-1.982689447487418627e-02,-2.081452034582613464e-02,-4.990747522523671098e-02,8.418827303231833994e-03,-6.852949654277668001e-02,2.833285093973888363e-02,-1.825959195199817510e-03,-3.523663452849213652e-03,-3.926686864439017655e-02,3.798643522904968008e-03,-7.946460668136928751e-02,3.149665330280194270e-02,-6.999944281436816518e-02,-5.146493475844912679e-02
8.502473208958348863e-03,2.165232829022175898e-01,-6.129952626922009241e-03,3.266648586600519322e-02,3.126335063587274976e-01,4.025404631523720744e-01,3.274533218178382610e-01,6.191243400091442917e-01,3.877106132048975251e-01,-7.838122530940867111e-03,5.882204619855405658e-01,1.000000000000000000e+00,7.462794097266307880e-02,-3.707087606912851663e-01,5.934074113845944076e-01,-3.689799776066676751e-03,5.334737342084210354e-01,7.788030577461280655e-03,2.083635590467011744e-01,1.268979630895404956e-02,2.082294954381611884e-01,6.296359761141798739e-01,-3.900391139302281530e-03,2.172389621405353133e-02,2.457224735550322253e-02,1.055393148941541903e-01,7.288274507498392063e-02,2.408777373292130333e-02,2.130020550545014268e-01,1.471698269206972998e-01,6.313886694600390204e-02,4.977941340698977674e-02,7.223578210894968099e-02,5.768280807113461417e-02,5.559705031563311195e-02,9.131309578777495328e-02,3.688833797316558999e-02,-3.635400546048379259e-03,-5.912590535534784607e-03,8.855757783142123585e-02,6.336255539324890662e-02,6.579974804580618342e-02,4.346114196297166249e-02,7.009246651716757870e-02,-2.967710605900569440e-02,-9.062244852126257258e-03,8.279298402841400728e-02,6.138666635908467464e-03,7.719831101952537300e-02,1.617525167806611527e-02,-7.869668434998930776e-03,1.244928918442890498e-01,9.423138469938893702e-02,-1.640521490803709126e-02,5.679300794173631345e-02,8.036779926234194349e-02,5.834925903176850503e-02,7.215906969196880794e-02,1.082750574530147031e-01,5.670149587282995868e-02,-5.181741914185534342e-02,-3.414566958709559785e-02,-4.493996918423989045e-02,2.515727520796140829e-02,6.741113445090478329e-03,-5.524683176552155905e-02,2.204596863033382592e-02,-5.670027812813964452e-02,-7.384441435190385039e-02,-3.338784576927189551e-02,3.032008445942007812e-03,1.985956423821681836e-03,-5.989937566002519198e-02,2.608809271906098459e-02,-6.846112926304927411e-03,-3.351570175655350925e-02,-3.430178707735803689e-02,-5.394262194156337897e-02,-4.133719826922813839e-02,1.224022584671179310e-02,-2.764454329454824055e-02,1.265101546657182961e-02,1.120554612134965931e-03,2.428116467843995877e-03,-2.486794027994415276e-02,-2.018078439986564082e-02,-9.793700343381599172e-02,2.252979555331023620e-02,-8.664816297149668944e-02,-6.113893591814878459e-02,-5.350843018129482903e-02,-2.286792872903060589e-02,-1.051100705068918999e-02,3.813527982412914796e-02,3.044879436890994898e-02,-4.324667012595615617e-02,2.747251397790400826e-02,-1.983971643555814540e-02,-6.407660144441856831e-02,-1.670191289525874145e-02,4.228245620065824995e-02,2.968070763430842238e-02,-3.211883377426776043e-02,5.575585430977764156e-02,2.761492974253744025e-03,1.911707999564299376e-02,-1.728332465086732323e-03,8.999564347611991103e-03,-5.044284076294597990e-02,2.273012507795670045e-02,-2.620726185424331750e-02,2.276902722356629466e-02,5.849771405760170392e-03,1.281033548458766248e-02,8.148567508933101831e-04,-2.963310702537210253e-02,-7.591184738387807274e-02,2.801761999942089382e-02,-7.238510349004954880e-02,-2.056913537471969505e-02
1.965104479236537138e-01,-9.956379652675788339e-02,1.503236470853836770e-01,4.779030579027682135e-01,2.406644078351550531e-01,1.025015016902030944e-02,1.234216529658060668e-01,8.043945517369478770e-02,1.525131178527921738e-01,5.212163244007976814e-01,5.643536866487634807e-02,7.462794097266307880e-02,1.000000000000000000e+00,1.350098964649471857e-02,6.837711217864159141e-02,2.946393590596426693e-01,-1.145014563249683592e-01,5.102899903748384647e-01,3.038475815132419822e-01,-1.458564483315365201e-01,6.519330769208910026e-02,6.225256181303296527e-02,-7.864706962615596042e-02,-2.648041414926878903e-02,2.712577628107348121e-03,2.961013716755735159e-02,-2.984950513756059326e-02,-6.222687032923116673e-03,-6.797017861585470666e-02,4.371894114230861494e-01,1.420121335999170453e-01,1.029899737272475385e-01,9.650018150124925476e-02,2.875036414041008404e-01,7.085262307379631974e-02,6.741176127948445007e-02,9.141990470994541818e-02,5.452659229425886600e-02,1.009599692099945739e-01,2.099827728664435122e-01,2.484976132063753881e-02,8.748542426604184741e-02,3.114907698194364638e-01,1.656194121555096266e-01,2.429017216534215193e-02,3.624633012784259090e-01,6.045208944360676989e-02,2.511484988556050291e-01,1.688953001060822245e-01,1.054844323561120734e-01,9.908804143695676414e-02,1.105533185280307279e-01,6.645521958059129319e-02,4.407862946742208826e-02,8.708969071496422409e-02,1.362604679176687428e-01,1.618523886497220121e-01,7.875106156553685066e-02,8.975806747570348743e-02,3.380509165527792459e-01,7.640578144302725234e-04,-6.741177058686453644e-05,7.700104236408458758e-02,6.301831724258252776e-02,2.504545259796273765e-02,9.739870318303823701e-03,4.696335068426313319e-02,2.502533088438289866e-02,2.836866006787446340e-02,4.522160465244339650e-02,-1.986170160533457310e-02,2.124422225389051982e-02,3.134353768969008747e-02,-2.521227575552679318e-02,3.085146641469435971e-02,-2.657378982718158755e-02,5.724942393583010158e-02,3.293365017144877019e-03,-6.047010002145339694e-03,2.532449863055262484e-02,1.089743672966784864e-02,2.624253736037756093e-02,5.485429142793537410e-02,1.729381243057790882e-02,2.610282276279510781e-03,-7.114222653812629377e-04,3.412296113444155538e-02,8.285961821012030604e-02,2.155025411673321470e-02,4.718992453683090726e-02,-6.479965504608219649e-04,-7.908001277758496331e-03,4.834362363588648459e-02,7.952531147848995730e-02,3.378166987131402815e-02,-4.873081710870123123e-02,5.736749918310225099e-02,-1.243387458495074337e-02,1.040818410688743208e-02,-3.109080568707433406e-02,5.694994631855123009e-03,5.403319855179204018e-02,3.400429930391547784e-02,2.752918893586053795e-02,4.204671997270845174e-02,-1.323368054782226785e-02,5.933051838834037250e-02,2.867065106691150597e-02,4.816035058134586532e-04,5.894330665145097736e-02,-7.817310226417879945e-04,6.255878415391306901e-02,5.223343764661248639e-02,2.814502424421286980e-02,2.978942025123067563e-02,1.348745174662289818e-02,1.236011168893122805e-02,1.500767200381991975e-02,-3.982832770815841229e-03,3.510017191132763781e-02
